# target_slot, uvidx, shift_flag, upix, vpix
0 5050 0 37 6
1 5044 0 56 6
2 4989 0 37 7
3 4761 0 38 7
4 4719 0 57 7
5 4868 0 38 8
6 4867 0 39 8
7 4788 0 57 8
8 4935 0 58 8
9 4760 0 39 9
10 4988 0 40 9
11 4718 0 58 9
12 4722 0 40 10
13 4863 0 58 10
14 4862 0 59 10
15 4319 1 40 11
0 4160 0 41 11
1 4079 0 59 11
2 4903 0 102 11
2 5051 0 102 11
3 5236 0 125 11
4 4232 0 41 12
5 4194 0 42 12
6 4360 0 59 12
7 4078 0 60 12
8 4723 0 102 12
9 4823 0 125 12
9 5184 0 125 12
10 4159 0 42 13
11 4318 0 43 13
12 4155 0 60 13
13 4314 0 61 13
14 4681 0 102 13
15 4677 1 125 13
0 3600 0 43 14
0 4277 0 43 14
1 3593 0 61 14
1 4269 0 61 14
2 4871 0 102 14
3 4870 0 103 14
4 4717 0 125 14
5 4987 0 18 15
5 5049 0 18 15
6 3786 0 43 15
7 3533 0 44 15
8 3641 0 61 15
9 3640 0 62 15
10 4195 0 103 15
10 4869 0 103 15
11 4676 0 125 15
12 4902 0 18 16
13 4791 0 19 16
14 3648 0 44 16
15 3647 1 45 16
0 3498 0 62 16
1 4083 0 103 16
2 4114 0 125 16
2 4980 0 125 16
3 4901 0 19 17
4 4829 0 20 17
5 3532 0 45 17
6 3785 0 46 17
7 3742 0 62 17
8 3562 0 63 17
9 4082 0 103 17
10 4045 0 125 17
11 4866 0 20 18
12 4828 0 21 18
13 2987 0 46 18
13 3697 0 46 18
14 2985 0 63 18
14 3694 0 63 18
15 3745 0 103 18
15 4116 1 103 18
0 4077 0 125 18
1 4865 0 21 19
2 4231 0 22 19
2 4986 0 22 19
3 3116 0 46 19
4 2958 0 47 19
5 2879 0 64 19
6 3504 0 104 19
7 3591 0 125 19
7 4227 0 125 19
8 4230 0 22 20
9 4193 0 23 20
10 2986 0 47 20
11 3029 0 48 20
12 2984 0 64 20
13 3023 0 65 20
14 3467 0 104 20
15 3497 1 125 20
0 4229 0 23 21
1 4228 0 24 21
2 2911 0 48 21
3 3162 0 49 21
4 2878 0 65 21
5 3503 0 104 21
6 3461 0 125 21
7 4192 0 24 22
8 3744 0 25 22
8 4317 0 25 22
9 2310 0 49 22
9 3115 0 49 22
10 3109 0 65 22
11 2304 0 66 22
12 3032 0 104 22
12 3601 0 104 22
13 3496 0 125 22
14 3599 0 25 23
15 3646 0 26 23
15 5266 1 -1 -1
0 2476 0 49 23
1 2309 0 50 23
2 2237 0 66 23
3 4983 0 84 23
3 5047 0 84 23
4 3031 0 104 23
5 3030 0 105 23
6 2908 0 125 23
6 3741 0 125 23
7 3598 0 26 24
8 3645 0 27 24
9 2340 0 50 24
10 2423 0 51 24
11 2236 0 67 24
12 4720 0 84 24
13 4982 0 85 24
14 5237 0 97 24
15 2840 1 105 24
0 2877 0 125 24
1 3597 0 27 25
2 3644 0 28 25
3 2271 0 51 25
4 2518 0 52 25
5 2303 0 67 25
6 2470 0 68 25
7 4641 0 85 25
8 4861 0 97 25
8 5185 0 97 25
9 4934 0 98 25
10 2881 0 105 25
11 3066 0 125 25
12 2950 0 126 25
13 3114 0 28 26
13 3696 0 28 26
14 3074 0 29 26
15 5186 1 47 26
0 4789 0 48 26
0 5238 0 48 26
1 1670 0 52 26
1 2475 0 52 26
2 1665 0 68 26
2 2469 0 68 26
3 4679 0 85 26
4 4640 0 98 26
5 2341 0 105 26
5 3075 0 105 26
6 2876 0 126 26
7 2957 0 29 27
8 3073 0 30 27
9 4825 0 48 27
10 4824 0 49 27
11 1839 0 52 27
12 1669 0 53 27
13 1756 0 68 27
14 1755 0 69 27
15 4900 1 85 27
0 4115 0 86 27
1 4678 0 98 27
2 2206 0 105 27
3 5240 0 116 27
4 2201 0 126 27
5 2956 0 30 28
6 3072 0 31 28
7 4759 0 49 28
8 4936 0 50 28
9 1717 0 53 28
10 1759 0 54 28
11 1557 0 69 28
12 4049 0 86 28
13 4268 0 98 28
13 4757 0 98 28
14 2240 0 106 28
15 4762 0 116 28
15 5188 1 116 28
0 2235 0 126 28
1 2955 0 31 29
2 3071 0 32 29
3 4271 0 50 29
3 4758 0 50 29
4 1628 0 54 29
5 1877 0 55 29
6 1592 0 70 29
7 4158 0 86 29
8 4275 0 87 29
9 4359 0 98 29
10 4047 0 99 29
11 2205 0 106 29
12 4644 0 116 29
13 2200 0 126 29
14 2339 0 32 30
15 2422 0 33 30
15 5266 1 -1 -1
0 4018 0 51 30
1 999 0 55 30
1 1876 0 55 30
2 1065 0 70 30
2 1875 0 70 30
3 1172 0 71 30
4 3531 0 87 30
4 4274 0 87 30
5 4046 0 99 30
6 1629 0 106 30
6 2519 0 106 30
7 4682 0 116 30
8 1832 0 126 30
8 2301 0 126 30
9 2308 0 33 31
10 2421 0 34 31
11 4270 0 51 31
12 4157 0 52 31
13 1177 0 55 31
14 1025 0 56 31
15 954 0 71 31
15 5266 1 -1 -1
0 3465 0 87 31
1 3639 0 99 31
1 4154 0 99 31
2 1560 0 106 31
3 4234 0 116 31
3 4793 0 116 31
4 1555 0 126 31
5 2307 0 34 32
6 2420 0 35 32
7 4156 0 52 32
8 3642 0 53 32
9 1069 0 56 32
10 1136 0 57 32
11 4801 0 69 32
11 5090 0 69 32
12 1102 0 71 32
13 1101 0 72 32
14 3783 0 87 32
15 3464 0 88 32
15 5266 1 -1 -1
0 3638 0 99 32
1 3592 0 100 32
2 1793 0 106 32
3 1718 0 107 32
4 4021 0 116 32
5 1591 0 126 32
6 5043 0 157 32
7 5055 0 180 32
8 2306 0 35 33
9 1792 0 36 33
10 3500 0 53 33
11 3743 0 54 33
12 959 0 57 33
13 5244 0 64 33
14 4912 0 69 33
15 4771 1 70 33
0 953 0 72 33
1 3070 0 88 33
1 3563 0 88 33
2 3416 0 100 33
3 1230 0 107 33
3 1595 0 107 33
4 4020 0 116 33
5 1554 0 126 33
6 4639 0 157 33
7 4614 0 180 33
8 1668 0 36 34
9 1838 0 37 34
10 3463 0 54 34
11 358 0 58 34
11 1228 0 58 34
12 4769 0 64 34
12 5192 0 64 34
13 4657 0 70 34
14 5008 0 71 34
15 600 0 72 34
15 1219 0 72 34
15 5266 1 -1 -1
0 388 0 73 34
1 3026 0 88 34
2 2953 0 89 34
3 3462 0 100 34
4 962 0 107 34
5 3748 0 116 34
5 4233 0 116 34
6 3650 0 117 34
7 1100 0 126 34
7 1753 0 126 34
8 4898 0 156 34
9 4756 0 157 34
10 4724 0 179 34
11 4941 0 180 34
12 1627 0 37 35
13 1837 0 38 35
14 3782 0 54 35
15 3160 0 55 35
15 3499 0 55 35
15 5266 1 -1 -1
0 506 0 58 35
1 434 0 59 35
2 4909 0 64 35
3 4734 0 65 35
4 4209 0 71 35
4 4843 0 71 35
5 318 0 73 35
6 2839 0 89 35
7 2837 0 100 35
8 3158 0 101 35
9 961 0 107 35
10 3419 0 117 35
11 914 0 126 35
12 4610 0 156 35
13 4645 0 179 35
14 1626 0 38 36
15 1836 0 39 36
15 5266 1 -1 -1
0 3024 0 55 36
1 2952 0 56 36
1 4985 0 56 36
1 5048 0 56 36
2 393 0 59 36
3 505 0 60 36
4 4733 0 65 36
5 4952 0 66 36
6 4208 0 71 36
7 4207 0 72 36
8 278 0 74 36
9 2880 0 89 36
10 3113 0 90 36
11 5211 0 96 36
12 2799 0 101 36
13 960 0 107 36
14 1229 0 108 36
15 3418 1 117 36
0 952 0 126 36
1 5197 0 133 36
2 4044 0 156 36
2 4979 0 156 36
3 4022 0 178 36
4 4990 0 179 36
5 1107 0 39 37
5 1791 0 39 37
6 1176 0 40 37
7 2951 0 56 37
7 4939 0 56 37
8 3068 0 57 37
8 4680 0 57 37
9 357 0 60 37
10 606 0 61 37
11 4132 0 66 37
11 4881 0 66 37
12 4000 0 72 37
13 463 0 74 37
14 462 0 75 37
15 2204 0 90 37
15 5266 1 -1 -1
0 4905 0 96 37
0 5210 0 96 37
1 4792 0 97 37
2 2836 0 101 37
3 562 0 108 37
3 1026 0 108 37
4 3077 0 117 37
4 3566 0 117 37
5 913 0 126 37
6 4658 0 133 37
6 5251 0 133 37
7 4017 0 156 37
8 4321 0 177 37
9 4086 0 178 37
10 998 0 40 38
11 1227 0 41 38
12 2838 0 57 38
12 4827 0 57 38
13 3159 0 58 38
13 4790 0 58 38
14 4327 0 66 38
15 4090 1 67 38
0 4372 0 72 38
1 3516 0 73 38
1 4371 0 73 38
2 2203 0 90 38
3 4613 0 97 38
4 2269 0 101 38
4 3067 0 101 38
5 281 0 108 38
6 2803 0 117 38
7 385 0 126 38
7 1171 0 126 38
8 4625 0 133 38
9 3740 0 155 38
9 4043 0 155 38
10 3749 0 177 38
10 4085 0 177 38
11 958 0 41 39
12 1226 0 42 39
13 2238 0 58 39
13 3110 0 58 39
13 4721 0 58 39
14 4361 0 59 39
14 4984 0 59 39
15 4131 1 67 39
0 4238 0 68 39
1 3515 0 73 39
2 3762 0 74 39
3 2472 0 90 39
4 2239 0 91 39
5 4643 0 97 39
6 2468 0 101 39
7 2268 0 102 39
8 324 0 108 39
9 2802 0 117 39
10 276 0 126 39
11 4624 0 133 39
11 4880 0 133 39
11 5082 0 133 39
12 3415 0 155 39
13 3652 0 176 39
14 3535 0 177 39
15 957 1 42 40
0 1225 0 43 40
1 5250 0 49 40
2 2471 0 58 40
3 2270 0 59 40
3 3983 0 59 40
4 3436 0 68 40
5 3438 0 74 40
6 1715 0 91 40
6 2381 0 91 40
7 4278 0 97 40
7 4940 0 97 40
8 4163 0 98 40
9 2159 0 102 40
10 280 0 108 40
11 2521 0 117 40
11 2842 0 117 40
12 317 0 126 40
13 4690 0 132 40
14 4001 0 133 40
14 4951 0 133 40
15 3414 0 155 40
15 5266 1 -1 -1
0 3420 0 176 40
1 323 0 43 41
2 605 0 44 41
3 5249 0 49 41
4 4737 0 50 41
4 5222 0 50 41
5 2338 0 59 41
6 2337 0 60 41
6 3982 0 60 41
7 3758 0 68 41
8 3473 0 69 41
9 3175 0 74 41
9 3669 0 74 41
10 2966 0 75 41
11 1666 0 91 41
12 1757 0 92 41
13 3985 0 98 41
14 1785 0 102 41
14 2302 0 102 41
15 507 1 108 41
0 607 0 109 41
1 2165 0 117 41
2 275 0 126 41
3 4621 0 132 41
4 4029 0 133 41
5 3157 0 154 41
5 3530 0 154 41
6 3693 0 155 41
7 3163 0 175 41
7 3651 0 175 41
8 3602 0 176 41
9 322 0 44 42
10 604 0 45 42
11 4911 0 50 42
12 4696 0 51 42
13 1833 0 60 42
13 2336 0 60 42
13 4276 0 60 42
14 1787 0 61 42
14 3565 0 61 42
14 4316 0 61 42
15 3572 1 69 42
0 3663 0 70 42
1 2819 0 75 42
2 1559 0 92 42
3 3699 0 98 42
3 4084 0 98 42
4 1664 0 102 42
5 1754 0 103 42
6 2273 0 117 42
7 2425 0 118 42
8 4763 0 125 42
8 5059 0 125 42
9 4204 0 132 42
9 4798 0 132 42
10 3670 0 133 42
10 4139 0 133 42
11 2798 0 154 42
12 2768 0 175 42
13 321 0 45 43
14 4884 0 51 43
15 4770 1 52 43
0 1558 0 61 43
0 3564 0 61 43
1 3596 0 62 43
2 2815 0 70 43
2 3796 0 70 43
3 2818 0 76 43
4 1223 0 92 43
4 1593 0 92 43
5 1222 0 93 43
6 3698 0 98 43
7 3506 0 99 43
8 1556 0 103 43
9 2208 0 118 43
10 4586 0 125 43
11 3997 0 132 43
12 3398 0 133 43
13 2797 0 154 43
14 2913 0 174 43
15 3078 0 175 43
15 5266 1 -1 -1
0 392 0 46 44
1 4244 0 52 44
1 5007 0 52 44
2 4171 0 53 44
3 1520 0 62 44
3 3466 0 62 44
4 3784 0 63 44
5 2814 0 71 44
6 2492 0 76 44
6 2997 0 76 44
7 2436 0 77 44
8 919 0 93 44
9 3417 0 99 44
10 1519 0 103 44
11 4826 0 116 44
11 5046 0 116 44
12 1597 0 118 44
12 2477 0 118 44
13 4618 0 125 44
14 3996 0 132 44
14 4897 0 132 44
14 5042 0 132 44
15 3397 0 133 44
15 5266 1 -1 -1
0 2983 0 153 44
1 2949 0 154 44
2 2804 0 174 44
3 4138 0 53 45
4 4243 0 54 45
5 1786 0 62 45
6 1174 0 63 45
6 1714 0 63 45
6 2954 0 63 45
6 3595 0 63 45
7 2964 0 71 45
8 3041 0 72 45
9 2134 0 77 45
10 918 0 93 45
11 3076 0 99 45
11 3505 0 99 45
12 916 0 103 45
13 1218 0 104 45
14 4612 0 116 45
15 1523 1 118 45
0 4023 0 125 45
0 4943 0 125 45
1 3394 0 132 45
1 4365 0 132 45
1 4584 0 132 45
2 2998 0 133 45
2 3573 0 133 45
3 2158 0 153 45
4 2209 0 173 45
5 2478 0 174 45
6 3801 0 54 46
6 4137 0 54 46
7 3668 0 55 46
8 1066 0 63 46
8 3161 0 63 46
9 1103 0 64 46
9 2801 0 64 46
10 2219 0 72 46
10 3130 0 72 46
11 2435 0 77 46
12 2282 0 78 46
13 1133 0 93 46
14 996 0 94 46
15 3117 1 99 46
0 2841 0 100 46
1 915 0 104 46
2 4585 0 116 46
3 1522 0 118 46
4 3989 0 125 46
5 3393 0 132 46
5 4583 0 132 46
6 2820 0 133 46
7 2157 0 153 46
8 2167 0 173 46
9 5060 0 189 46
10 3478 0 55 47
11 3761 0 56 47
12 955 0 64 47
12 3028 0 64 47
13 1173 0 65 47
13 2910 0 65 47
14 2174 0 73 47
15 1810 0 78 47
15 2321 1 78 47
0 1895 0 79 47
1 356 0 94 47
1 1175 0 94 47
2 2767 0 100 47
3 886 0 104 47
4 4081 0 116 47
4 4864 0 116 47
5 1031 0 118 47
5 1760 0 118 47
6 3606 0 125 47
6 4119 0 125 47
7 3170 0 132 47
7 3434 0 132 47
7 4113 0 132 47
7 4822 0 132 47
8 2780 0 133 47
9 2467 0 152 47
10 2199 0 153 47
11 2166 0 172 47
12 4874 0 188 47
13 4727 0 189 47
14 3396 0 56 48
15 887 0 65 48
15 2419 0 65 48
15 3027 0 65 48
15 5266 1 -1 -1
0 2418 0 66 48
1 2317 0 73 48
2 2349 0 74 48
3 1497 0 79 48
4 355 0 94 48
5 503 0 95 48
6 4915 0 96 48
6 5101 0 96 48
7 4958 0 97 48
8 2382 0 100 48
8 2912 0 100 48
9 387 0 104 48
9 1132 0 104 48
10 4048 0 116 48
11 4273 0 117 48
12 890 0 118 48
13 3389 0 125 48
14 2776 0 132 48
14 3981 0 132 48
15 2359 0 133 48
15 2967 0 133 48
15 5266 1 -1 -1
0 1553 0 152 48
0 2517 0 152 48
1 1842 0 171 48
2 1598 0 172 48
2 2522 0 172 48
3 4587 0 188 48
4 2927 0 57 49
4 3617 0 57 49
5 1220 0 65 49
6 319 0 66 49
6 2118 0 66 49
7 1605 0 74 49
7 2491 0 74 49
8 1727 0 79 49
9 1726 0 80 49
10 279 0 95 49
11 4593 0 97 49
12 2164 0 101 49
13 461 0 104 49
14 386 0 105 49
15 3643 0 117 49
15 4080 1 117 49
0 889 0 118 49
1 3369 0 125 49
2 2775 0 132 49
2 3739 0 132 49
2 4016 0 132 49
3 2136 0 133 49
4 1518 0 152 49
5 1524 0 171 49
6 4235 0 187 49
6 4726 0 187 49
7 5181 0 201 49
8 2779 0 58 50
9 466 0 66 50
10 390 0 67 50
10 2117 0 67 50
11 1494 0 75 50
12 1152 0 80 50
12 1644 0 80 50
13 391 0 95 50
14 4570 0 97 50
15 2119 0 101 50
15 5266 1 -1 -1
0 277 0 105 50
0 5242 0 105 50
1 3386 0 117 50
2 510 0 118 50
2 1030 0 118 50
3 2914 0 125 50
3 3653 0 125 50
4 2490 0 132 50
4 2849 0 132 50
4 3366 0 132 50
5 2135 0 133 50
6 1481 0 152 50
7 1795 0 170 50
8 1631 0 171 50
9 4120 0 186 50
10 4198 0 187 50
11 4787 0 200 50
12 4786 0 201 50
12 5233 0 201 50
13 3131 0 58 51
14 2855 0 59 51
15 389 0 67 51
15 2474 0 67 51
15 5266 1 -1 -1
0 465 0 68 51
0 1625 0 68 51
0 2473 0 68 51
1 1768 0 75 51
2 1683 0 76 51
3 1187 0 80 51
4 972 0 81 51
5 4333 0 97 51
5 4957 0 97 51
6 4093 0 98 51
7 1794 0 101 51
7 2272 0 101 51
8 1879 0 102 51
9 354 0 105 51
9 4648 0 105 51
9 5190 0 105 51
10 3367 0 117 51
11 241 0 119 51
12 2743 0 125 51
13 2131 0 132 51
13 3365 0 132 51
14 1729 0 133 51
14 2358 0 133 51
15 951 0 151 51
15 1874 0 151 51
15 5266 1 -1 -1
0 1873 0 152 51
1 920 0 170 51
1 1841 0 170 51
2 3789 0 185 51
2 4281 0 185 51
3 4051 0 186 51
4 4821 0 199 51
5 4755 0 200 51
6 3087 0 59 52
7 2221 0 60 52
8 464 0 68 52
8 1716 0 68 52
9 1667 0 69 52
10 1009 0 76 52
10 1805 0 76 52
11 1250 0 77 52
12 928 0 81 52
13 1186 0 82 52
14 4899 0 90 52
14 5045 0 90 52
15 3969 0 98 52
15 5266 1 -1 -1
0 1484 0 102 52
1 4838 0 105 52
1 4942 0 105 52
1 5083 0 105 52
2 4617 0 106 52
3 2909 0 117 52
3 3594 0 117 52
4 240 0 119 52
5 2771 0 125 52
6 1608 0 132 52
6 2130 0 132 52
6 2982 0 132 52
6 3561 0 132 52
7 1811 0 133 52
8 885 0 151 52
9 5253 0 161 52
10 1071 0 169 52
11 1070 0 170 52
12 3371 0 185 52
13 4226 0 198 52
14 4358 0 199 52
14 4716 0 199 52
15 4839 0 55 53
15 5084 1 55 53
0 2390 0 60 53
1 2281 0 61 53
2 1594 0 69 53
3 1835 0 70 53
4 899 0 77 53
5 579 0 82 53
5 971 0 82 53
6 4938 0 90 53
7 4611 0 91 53
8 3621 0 98 53
8 4173 0 98 53
9 3764 0 99 53
10 1483 0 102 53
11 4563 0 105 53
12 4280 0 106 53
12 4684 0 106 53
13 2740 0 117 53
14 282 0 119 53
15 2168 0 125 53
15 3118 1 125 53
0 1498 0 132 53
0 1804 0 132 53
0 2247 0 132 53
0 2739 0 132 53
1 845 0 151 53
2 4659 0 161 53
2 5199 0 161 53
3 891 0 169 53
4 3370 0 184 53
5 4225 0 197 53
6 4042 0 198 53
7 4953 0 55 54
8 4622 0 56 54
9 2320 0 61 54
10 2357 0 62 54
11 997 0 70 54
11 1758 0 70 54
12 1115 0 77 54
13 1008 0 78 54
14 485 0 82 54
15 406 0 83 54
15 5259 1 83 54
0 4558 0 91 54
1 3377 0 99 54
2 1138 0 102 54
2 1673 0 102 54
3 1231 0 103 54
4 4562 0 105 54
5 3953 0 106 54
6 2766 0 117 54
7 2123 0 125 54
8 1045 0 132 54
8 1468 0 132 54
8 1728 0 132 54
8 2738 0 132 54
9 384 0 150 54
10 599 0 151 54
10 1131 0 151 54
11 4571 0 160 54
12 359 0 168 54
13 608 0 169 54
13 1139 0 169 54
14 2988 0 183 54
14 3701 0 183 54
15 3654 0 184 54
15 5266 1 -1 -1
0 3737 0 196 54
1 4014 0 197 54
2 4910 0 56 55
3 4655 0 57 55
4 1689 0 62 55
4 2536 0 62 55
5 1725 0 63 55
6 1224 0 70 55
7 888 0 71 55
8 404 0 78 55
8 1149 0 78 55
9 616 0 79 55
10 4813 0 81 55
10 5152 0 81 55
11 255 0 83 55
11 5203 0 83 55
12 4665 0 84 55
13 4937 0 91 55
14 4019 0 92 55
14 4981 0 92 55
15 3376 0 99 55
15 5266 1 -1 -1
0 847 0 103 55
1 4366 0 105 55
1 5003 0 105 55
2 3998 0 106 55
2 4118 0 106 55
3 3788 0 107 55
3 4197 0 107 55
4 4954 0 109 55
4 5089 0 109 55
5 4842 0 110 55
6 2305 0 117 55
6 3112 0 117 55
7 2380 0 118 55
8 2122 0 125 55
9 863 0 132 55
9 1493 0 132 55
9 2198 0 132 55
9 3065 0 132 55
10 236 0 150 55
11 4247 0 160 55
11 4698 0 160 55
12 242 0 168 55
13 3034 0 182 55
14 2884 0 183 55
15 3736 0 195 55
15 5266 1 -1 -1
0 3384 0 196 55
1 4328 0 57 56
1 5004 0 57 56
2 4027 0 58 56
3 1607 0 63 56
4 1809 0 64 56
5 1135 0 71 56
6 956 0 72 56
7 216 0 79 56
8 4812 0 81 56
9 4749 0 82 56
10 619 0 83 56
11 293 0 84 56
11 4576 0 84 56
12 5026 0 85 56
13 3952 0 92 56
14 3046 0 99 56
14 3805 0 99 56
15 2894 0 100 56
15 5266 1 -1 -1
0 846 0 103 56
1 3956 0 106 56
2 3346 0 107 56
3 4541 0 110 56
4 2092 0 118 56
5 1465 0 125 56
6 901 0 132 56
6 1074 0 132 56
6 1682 0 132 56
6 2091 0 132 56
7 5194 0 141 56
8 201 0 150 56
9 4059 0 159 56
10 4246 0 160 56
11 325 0 167 56
12 564 0 168 56
13 2744 0 182 56
14 3364 0 195 56
15 4239 0 58 57
15 5266 1 -1 -1
0 4057 0 59 57
1 1568 0 64 57
2 1259 0 65 57
2 1894 0 65 57
3 504 0 72 57
3 1134 0 72 57
4 467 0 73 57
5 4773 0 77 57
5 5100 0 77 57
6 521 0 79 57
7 366 0 80 57
8 4391 0 82 57
8 4602 0 82 57
9 4218 0 85 57
9 4747 0 85 57
10 4272 0 92 57
11 3502 0 93 57
11 4315 0 93 57
12 2754 0 100 57
13 563 0 103 57
13 1029 0 103 57
14 509 0 104 57
15 3435 0 106 57
15 4287 1 106 57
0 3345 0 107 57
1 4330 0 110 57
1 4623 0 110 57
2 1834 0 118 57
2 2162 0 118 57
3 1487 0 125 57
4 407 0 132 57
4 858 0 132 57
4 1080 0 132 57
4 2116 0 132 57
5 4566 0 141 57
5 5246 0 141 57
6 460 0 150 57
7 3765 0 159 57
7 4004 0 159 57
8 468 0 167 57
9 2213 0 181 57
9 3079 0 181 57
10 2875 0 194 57
10 3590 0 194 57
11 3797 0 59 58
11 4288 0 59 58
12 3475 0 60 58
13 862 0 65 58
14 1258 0 66 58
15 238 1 73 58
0 603 0 74 58
1 5010 0 77 58
2 4569 0 78 58
3 477 0 80 58
4 3945 0 83 58
5 4100 0 85 58
6 4180 0 86 58
7 3342 0 93 58
8 2392 0 100 58
8 2893 0 100 58
9 204 0 104 58
10 3571 0 106 58
11 2960 0 107 58
11 3540 0 107 58
11 3605 0 107 58
12 3165 0 108 58
13 3935 0 110 58
14 1482 0 118 58
15 1142 0 125 58
15 1562 1 125 58
0 218 0 132 58
0 857 0 132 58
0 1462 0 132 58
1 4539 0 141 58
2 3674 0 158 58
3 3482 0 159 58
4 2276 0 180 58
5 2343 0 181 58
6 2737 0 193 58
7 3614 0 60 59
8 3474 0 61 59
9 861 0 66 59
10 202 0 74 59
11 4772 0 78 59
12 4294 0 79 59
12 4886 0 79 59
13 5208 0 82 59
14 4150 0 83 59
14 4817 0 83 59
14 5264 0 83 59
15 4184 0 84 59
15 5266 1 -1 -1
0 3680 0 86 59
0 4071 0 86 59
1 5257 0 87 59
2 3695 0 93 59
3 3111 0 94 59
3 3501 0 94 59
4 2077 0 101 59
5 203 0 104 59
6 3040 0 107 59
6 3472 0 107 59
7 2713 0 108 59
8 4135 0 110 59
9 3798 0 111 59
9 4206 0 111 59
10 1463 0 118 59
10 5221 0 118 59
11 851 0 125 59
12 575 0 131 59
12 1479 0 131 59
13 217 0 132 59
13 476 0 132 59
13 1073 0 132 59
13 1872 0 132 59
14 4092 0 141 59
14 4841 0 141 59
15 5261 1 145 59
0 4966 0 148 59
0 5138 0 148 59
1 3328 0 158 59
2 1882 0 179 59
2 2479 0 179 59
3 2212 0 180 59
4 2516 0 192 59
4 2796 0 192 59
5 3107 0 193 59
6 3665 0 61 60
7 2995 0 62 60
7 3664 0 62 60
8 1257 0 66 60
9 527 0 67 60
9 1011 0 67 60
10 561 0 74 60
11 602 0 75 60
12 3968 0 79 60
13 4332 0 80 60
14 4554 0 83 60
15 3335 0 84 60
15 5266 1 -1 -1
0 3720 0 86 60
1 3406 0 87 60
1 4631 0 87 60
1 5201 0 87 60
2 2710 0 94 60
3 2104 0 101 60
4 435 0 104 60
5 2717 0 107 60
6 2525 0 108 60
6 2742 0 108 60
7 3326 0 111 60
8 1068 0 118 60
8 1624 0 118 60
8 4564 0 118 60
8 5220 0 118 60
9 826 0 125 60
10 215 0 131 60
10 1099 0 131 60
10 1590 0 131 60
11 486 0 132 60
12 4091 0 140 60
13 4170 0 141 60
14 4603 0 145 60
14 5205 0 145 60
15 4550 0 148 60
15 5266 1 -1 -1
0 3176 0 157 60
1 2857 0 158 60
1 3709 0 158 60
2 4654 0 164 60
2 5081 0 164 60
3 1440 0 179 60
4 2114 0 191 60
5 2466 0 192 60
6 2994 0 62 61
7 2888 0 63 61
8 5204 0 64 61
9 578 0 67 61
10 254 0 68 61
11 3708 0 80 61
11 4003 0 80 61
12 5029 0 83 61
13 3811 0 84 61
13 4310 0 84 61
13 4635 0 84 61
14 3381 0 85 61
15 3405 0 87 61
15 4888 1 87 61
0 3775 0 88 61
0 4664 0 88 61
1 3069 0 94 61
2 2800 0 95 61
3 1814 0 101 61
3 2441 0 101 61
4 1645 0 102 61
5 2850 0 107 61
6 2066 0 108 61
6 3039 0 108 61
7 3350 0 111 61
8 824 0 118 61
8 4538 0 118 61
9 436 0 125 61
9 1035 0 125 61
10 214 0 131 61
10 823 0 131 61
11 3513 0 140 61
11 4169 0 140 61
12 4552 0 145 61
13 4705 0 147 61
14 4851 0 148 61
15 2725 0 157 61
15 5266 1 -1 -1
0 5002 0 163 61
1 4561 0 164 61
2 1466 0 178 61
3 2197 0 190 61
4 2416 0 191 61
5 2993 0 63 62
6 2887 0 64 62
6 4708 0 64 62
6 5260 0 64 62
7 4855 0 65 62
8 526 0 68 62
9 334 0 69 62
10 3707 0 80 62
11 3399 0 81 62
12 4109 0 84 62
13 3058 0 85 62
13 3632 0 85 62
13 4187 0 85 62
14 3013 0 86 62
15 2730 0 88 62
15 3810 0 88 62
15 4145 0 88 62
15 4776 0 88 62
15 5266 1 -1 -1
0 4381 0 89 62
1 2202 0 95 62
1 3025 0 95 62
2 1469 0 102 62
3 2132 0 108 62
3 2383 0 108 62
3 3129 0 108 62
4 2241 0 109 62
5 2817 0 111 62
5 3667 0 111 62
6 995 0 118 62
6 4028 0 118 62
6 4840 0 118 62
7 1106 0 119 62
8 183 0 125 62
9 475 0 131 62
9 844 0 131 62
10 3325 0 140 62
11 4103 0 145 62
11 4814 0 145 62
12 3959 0 147 62
12 4965 0 147 62
13 2393 0 157 62
13 2856 0 157 62
14 4130 0 163 62
14 4732 0 163 62
15 5182 0 173 62
15 5266 1 -1 -1
0 1036 0 177 62
0 1846 0 177 62
1 1763 0 178 62
2 1623 0 189 62
2 2465 0 189 62
3 2378 0 190 62
4 2350 0 64 63
4 3171 0 64 63
4 5229 0 64 63
5 2279 0 65 63
5 4667 0 65 63
6 4854 0 66 63
7 4857 0 68 63
7 5166 0 68 63
8 484 0 69 63
9 577 0 70 63
10 3481 0 81 63
11 3620 0 82 63
12 3727 0 85 63
12 4011 0 85 63
13 2732 0 86 63
14 2975 0 88 63
15 2936 0 89 63
15 3940 1 89 63
0 2417 0 95 63
1 2161 0 96 63
2 1191 0 102 63
2 1537 0 102 63
3 2069 0 108 63
4 1633 0 109 63
4 2312 0 109 63
5 2965 0 111 63
6 2926 0 112 63
7 3934 0 118 63
8 320 0 119 63
8 1105 0 119 63
9 5183 0 123 63
10 208 0 125 63
11 353 0 131 63
11 1064 0 131 63
12 3043 0 140 63
12 3437 0 140 63
13 4185 0 144 63
14 4072 0 145 63
15 3943 0 147 63
15 5266 1 -1 -1
0 2179 0 156 63
1 2442 0 157 63
2 4286 0 162 63
3 3995 0 163 63
4 4978 0 172 63
5 4557 0 173 63
5 5234 0 173 63
6 1109 0 176 63
7 964 0 177 63
8 1622 0 188 63
9 1712 0 189 63
10 4810 0 64 64
10 5228 0 64 64
11 2319 0 65 64
11 4746 0 65 64
12 2249 0 66 64
12 4102 0 66 64
12 4923 0 66 64
13 4307 0 67 64
14 4893 0 68 64
15 4634 0 69 64
15 5266 1 -1 -1
0 2724 0 82 64
0 3804 0 82 64
1 4395 0 85 64
2 3099 0 86 64
2 3338 0 86 64
3 2408 0 87 64
3 2937 0 87 64
4 2262 0 89 64
4 2974 0 89 64
4 3717 0 89 64
4 4179 0 89 64
5 3577 0 90 64
6 1790 0 96 64
6 2160 0 96 64
7 810 0 103 64
8 1767 0 108 64
8 2248 0 108 64
8 4735 0 108 64
8 5087 0 108 64
9 1439 0 109 64
9 1890 0 109 64
10 2355 0 112 64
10 2854 0 112 64
11 3395 0 118 64
11 4240 0 118 64
12 178 0 119 64
13 4532 0 123 64
13 5235 0 123 64
14 470 0 125 64
15 176 1 131 64
0 2719 0 140 64
1 3489 0 144 64
1 4220 0 144 64
2 3682 0 146 64
3 3447 0 147 64
3 4386 0 147 64
3 4606 0 147 64
3 5167 0 147 64
4 4964 0 151 64
4 5125 0 151 64
5 2078 0 156 64
6 3512 0 162 64
6 4129 0 162 64
7 4508 0 172 64
8 827 0 176 64
9 1663 0 187 64
10 1621 0 188 64
11 4778 0 65 65
12 2318 0 66 65
12 4745 0 66 65
13 1642 0 67 65
13 3978 0 67 65
14 4306 0 68 65
15 4856 1 69 65
0 4309 0 70 65
0 4781 0 70 65
1 2723 0 83 65
2 3528 0 86 65
3 2183 0 87 65
3 3585 0 87 65
4 2453 0 88 65
5 2545 0 89 65
6 2108 0 90 65
6 3330 0 90 65
7 1789 0 96 65
8 1521 0 97 65
9 834 0 103 65
10 5006 0 108 65
11 1443 0 109 65
11 1561 0 109 65
11 4540 0 109 65
12 1233 0 110 65
12 1796 0 110 65
13 2074 0 112 65
14 3324 0 118 65
15 177 1 119 65
0 4493 0 123 65
1 175 0 131 65
2 3173 0 139 65
3 2718 0 140 65
4 3322 0 144 65
5 3332 0 146 65
5 4925 0 146 65
6 4605 0 147 65
7 4522 0 151 65
8 1691 0 155 65
8 5005 0 155 65
8 5086 0 155 65
9 1731 0 156 65
9 2498 0 156 65
10 3613 0 161 65
11 3471 0 162 65
12 4015 0 171 65
13 4267 0 172 65
13 4896 0 172 65
14 243 0 175 65
14 1235 0 175 65
15 1234 1 176 65
0 1024 0 186 65
1 992 0 187 65
2 4254 0 66 66
2 4920 0 66 66
3 1684 0 67 66
3 4099 0 67 66
4 1641 0 68 66
4 3449 0 68 66
4 4348 0 68 66
5 3722 0 69 66
6 4152 0 70 66
7 4108 0 71 66
8 2538 0 83 66
8 2968 0 83 66
9 2284 0 84 66
10 5015 0 86 66
10 5112 0 86 66
11 2709 0 87 66
11 4663 0 87 66
12 2056 0 88 66
13 2145 0 90 66
13 3677 0 90 66
14 1824 0 91 66
14 2971 0 91 66
14 3627 0 91 66
15 1437 1 97 66
0 622 0 103 66
0 1083 0 103 66
1 408 0 104 66
2 1442 0 109 66
2 4134 0 109 66
2 4692 0 109 66
3 802 0 110 66
4 2043 0 112 66
5 3759 0 118 66
6 2924 0 119 66
6 3615 0 119 66
7 4933 0 123 66
8 3951 0 124 66
9 598 0 131 66
10 2073 0 139 66
10 3172 0 139 66
11 2977 0 144 66
11 3526 0 144 66
12 2826 0 146 66
12 3681 0 146 66
12 4035 0 146 66
12 4858 0 146 66
13 4383 0 151 66
13 4521 0 151 66
14 1449 0 155 66
14 4496 0 155 66
15 2992 0 161 66
15 3433 1 161 66
0 4266 0 170 66
1 3961 0 171 66
2 361 0 174 66
3 437 0 175 66
4 1098 0 185 66
5 950 0 186 66
6 4098 0 67 67
7 1640 0 68 67
7 4097 0 68 67
7 5227 0 68 67
8 1251 0 69 67
8 1722 0 69 67
8 3358 0 69 67
8 5256 0 69 67
9 3779 0 70 67
10 4107 0 71 67
11 3584 0 72 67
11 4351 0 72 67
12 5254 0 74 67
13 4804 0 75 67
13 5200 0 75 67
14 2103 0 84 67
15 2497 0 85 67
15 5266 1 -1 -1
0 3153 0 87 67
0 4572 0 87 67
1 1825 0 88 67
1 2551 0 88 67
1 2734 0 88 67
1 4917 0 88 67
2 1582 0 89 67
3 1456 0 91 67
3 2727 0 91 67
4 3185 0 92 67
5 1221 0 97 67
5 1788 0 97 67
6 917 0 98 67
7 155 0 104 67
8 830 0 109 67
8 1889 0 109 67
8 3922 0 109 67
9 825 0 110 67
10 1688 0 112 67
11 1606 0 113 67
12 2675 0 119 67
13 3918 0 124 67
14 4707 0 133 67
14 5150 0 133 67
15 2042 0 139 67
15 5266 1 -1 -1
0 2901 0 143 67
1 2938 0 144 67
2 2683 0 146 67
2 3915 0 146 67
3 3941 0 150 67
4 4382 0 151 67
5 1192 0 154 67
5 4367 0 154 67
5 4691 0 154 67
6 1155 0 155 67
6 1611 0 155 67
6 4799 0 155 67
7 2923 0 160 67
8 2922 0 161 67
9 3313 0 170 67
10 610 0 173 67
11 285 0 174 67
12 459 0 184 67
13 560 0 185 67
13 991 0 185 67
14 3555 0 68 68
15 1010 0 69 68
15 3524 0 69 68
15 4520 0 69 68
15 5255 0 69 68
15 5266 1 -1 -1
0 1043 0 70 68
0 2867 0 70 68
0 3688 0 70 68
0 5021 0 70 68
1 3148 0 71 68
2 3491 0 72 68
3 3583 0 73 68
4 4700 0 75 68
5 4775 0 76 68
6 5248 0 81 68
7 4695 0 82 68
7 5196 0 82 68
8 1770 0 85 68
8 2178 0 85 68
9 2370 0 88 68
9 3103 0 88 68
9 4007 0 88 68
9 4847 0 88 68
10 1477 0 89 68
10 2328 0 89 68
11 1867 0 90 68
12 1699 0 91 68
13 1657 0 92 68
13 2448 0 92 68
13 2759 0 92 68
14 798 0 98 68
15 187 0 104 68
15 5266 1 -1 -1
0 1148 0 109 68
0 4205 0 109 68
1 360 0 110 68
1 898 0 110 68
1 1034 0 110 68
1 3476 0 110 68
1 4368 0 110 68
2 1445 0 113 68
3 2388 0 119 68
3 2816 0 119 68
4 3291 0 124 68
5 4970 0 132 68
6 4528 0 133 68
7 5207 0 137 68
8 1567 0 139 68
8 2352 0 139 68
9 2454 0 143 68
9 2790 0 143 68
10 2291 0 145 68
10 3054 0 145 68
11 3096 0 146 68
11 3360 0 146 68
11 4352 0 146 68
12 3678 0 150 68
12 3975 0 150 68
13 779 0 154 68
13 3903 0 154 68
14 2534 0 160 68
14 2716 0 160 68
15 3385 1 169 68
0 3637 0 170 68
1 559 0 183 68
2 235 0 184 68
3 3523 0 69 69
4 970 0 70 69
4 3554 0 70 69
4 4519 0 70 69
5 1042 0 71 69
5 2707 0 71 69
5 5020 0 71 69
6 3189 0 72 69
7 3453 0 73 69
8 3062 0 74 69
8 3815 0 74 69
9 4337 0 76 69
9 4662 0 76 69
10 4251 0 77 69
11 4694 0 82 69
12 4736 0 83 69
13 1813 0 85 69
14 1502 0 86 69
15 4216 1 88 69
0 2060 0 89 69
0 4006 0 89 69
1 985 0 90 69
1 1702 0 90 69
2 873 0 92 69
2 1823 0 92 69
2 2259 0 92 69
3 2325 0 93 69
4 1104 0 98 69
5 433 0 99 69
5 1067 0 99 69
6 403 0 110 69
6 609 0 110 69
6 1007 0 110 69
6 3294 0 110 69
7 182 0 111 69
8 927 0 113 69
8 1724 0 113 69
9 2023 0 119 69
10 3314 0 124 69
11 4033 0 132 69
11 4811 0 132 69
11 5136 0 132 69
12 4507 0 137 69
12 5263 0 137 69
13 1418 0 139 69
14 2035 0 143 69
15 2031 0 145 69
15 3359 0 145 69
15 5266 1 -1 -1
0 3729 0 146 69
1 3771 0 149 69
2 3355 0 150 69
3 3666 0 153 69
4 811 0 154 69
4 3999 0 154 69
5 2218 0 159 69
6 2316 0 160 69
7 3022 0 168 69
8 2835 0 169 69
8 3738 0 169 69
9 558 0 182 69
10 199 0 183 69
11 2973 0 70 70
11 3774 0 70 70
12 522 0 71 70
12 1116 0 71 70
12 2900 0 71 70
12 3909 0 71 70
13 405 0 72 70
13 2264 0 72 70
13 2976 0 72 70
14 2550 0 73 70
15 2792 1 74 70
0 3061 0 75 70
1 3937 0 77 70
2 4298 0 78 70
3 4136 0 83 70
3 4800 0 83 70
4 4291 0 84 70
5 1572 0 86 70
6 1730 0 87 70
7 2513 0 89 70
7 3379 0 89 70
7 4379 0 89 70
8 1088 0 90 70
8 1660 0 90 70
8 2369 0 90 70
8 3713 0 90 70
9 984 0 91 70
10 1272 0 92 70
11 839 0 93 70
11 2028 0 93 70
12 143 0 99 70
13 149 0 110 70
13 2890 0 110 70
13 3541 0 110 70
14 181 0 111 70
15 808 0 113 70
15 5266 1 -1 -1
0 1891 0 119 70
0 2070 0 119 70
1 2688 0 124 70
1 3781 0 124 70
2 3913 0 132 70
2 4488 0 132 70
3 4394 0 136 70
3 4529 0 136 70
4 5028 0 137 70
5 1117 0 139 70
5 1566 0 139 70
6 2057 0 143 70
7 1778 0 145 70
7 2181 0 145 70
7 2762 0 145 70
7 3728 0 145 70
8 3094 0 149 70
8 3354 0 149 70
9 5017 0 151 70
9 5113 0 151 70
10 188 0 153 70
10 3293 0 153 70
11 624 0 154 70
12 2041 0 159 70
13 2671 0 168 70
14 597 0 182 70
15 4932 0 232 70
15 5266 1 -1 -1
0 4931 0 233 70
0 5041 0 233 70
1 2899 0 71 71
2 330 0 72 71
2 2935 0 72 71
2 3626 0 72 71
2 3974 0 72 71
3 441 0 73 71
3 2055 0 73 71
4 2733 0 75 71
5 2512 0 76 71
6 3402 0 78 71
6 4215 0 78 71
7 3891 0 84 71
8 778 0 87 71
9 1545 0 90 71
9 3299 0 90 71
10 593 0 91 71
10 876 0 91 71
10 1748 0 91 71
11 631 0 92 71
12 586 0 93 71
12 982 0 93 71
12 1818 0 93 71
13 492 0 94 71
13 1507 0 94 71
14 502 0 99 71
15 237 1 100 71
0 402 0 110 71
0 2853 0 110 71
1 365 0 111 71
1 2925 0 111 71
2 1079 0 113 71
3 483 0 114 71
3 1078 0 114 71
4 1400 0 119 71
5 2659 0 124 71
6 3334 0 132 71
6 4342 0 132 71
6 4347 0 132 71
6 4524 0 132 71
7 3914 0 136 71
8 926 0 138 71
9 1076 0 139 71
10 1583 0 142 71
11 1703 0 143 71
12 1740 0 144 71
13 1581 0 145 71
13 2685 0 145 71
14 2681 0 149 71
15 5016 0 150 71
15 5266 1 -1 -1
0 4501 0 151 71
1 156 0 153 71
1 3042 0 153 71
1 3375 0 153 71
2 1533 0 158 71
3 1803 0 159 71
3 2489 0 159 71
4 2115 0 167 71
4 3156 0 167 71
5 3064 0 168 71
6 4675 0 231 71
7 4715 0 232 71
8 2366 0 72 72
8 3095 0 72 72
9 290 0 73 72
9 2290 0 73 72
9 2549 0 73 72
9 3301 0 73 72
10 617 0 74 72
10 1701 0 74 72
10 2263 0 74 72
11 2059 0 76 72
12 2511 0 77 72
13 3298 0 79 72
14 3800 0 84 72
14 4370 0 84 72
15 3327 0 85 72
15 5266 1 -1 -1
0 777 0 88 72
1 3052 0 90 72
1 3806 0 90 72
2 1126 0 91 72
2 1544 0 91 72
2 2821 0 91 72
3 171 0 92 72
4 170 0 94 72
4 1454 0 94 72
5 1901 0 95 72
6 601 0 100 72
7 2280 0 111 72
7 2889 0 111 72
8 151 0 114 72
9 4955 0 118 72
9 5094 0 118 72
10 1565 0 119 72
11 1723 0 120 72
12 2064 0 124 72
12 3108 0 124 72
13 3307 0 132 72
13 3896 0 132 72
14 3582 0 136 72
14 4010 0 136 72
15 772 0 138 72
15 5266 1 -1 -1
0 1431 0 142 72
1 5013 0 143 72
1 5110 0 143 72
2 1274 0 144 72
2 1427 0 144 72
2 2296 0 144 72
3 2410 0 145 72
3 3016 0 145 72
4 2507 0 148 72
4 3007 0 148 72
5 2860 0 149 72
6 4299 0 150 72
6 4547 0 150 72
7 623 0 152 72
7 2662 0 152 72
8 445 0 153 72
9 1417 0 158 72
10 2335 0 166 72
11 2156 0 167 72
12 4153 0 229 72
12 4930 0 229 72
13 4674 0 230 72
14 2229 0 73 73
15 1912 0 74 73
15 2289 0 74 73
15 3006 0 74 73
15 3403 0 74 73
15 5266 1 -1 -1
0 1430 0 75 73
1 1918 0 77 73
1 2058 0 77 73
2 3767 0 79 73
3 2784 0 80 73
3 3712 0 80 73
4 3542 0 85 73
5 3477 0 86 73
6 621 0 88 73
6 1119 0 88 73
7 295 0 89 73
8 1168 0 91 73
8 2698 0 91 73
9 372 0 92 73
9 879 0 92 73
9 3137 0 92 73
10 371 0 93 73
11 452 0 94 73
12 347 0 95 73
12 869 0 95 73
12 1775 0 95 73
13 2009 0 111 73
14 126 0 114 73
15 4470 1 118 73
0 831 0 120 73
0 1854 0 120 73
1 2020 0 124 73
2 2706 0 132 73
2 3522 0 132 73
2 3777 0 132 73
2 4070 0 132 73
3 3310 0 136 73
4 4630 0 137 73
4 5123 0 137 73
5 125 0 138 73
6 877 0 142 73
6 1826 0 142 73
7 4485 0 143 73
8 789 0 144 73
8 2036 0 144 73
9 2030 0 148 73
10 3894 0 150 73
11 2433 0 152 73
11 2752 0 152 73
12 897 0 157 73
12 1853 0 157 73
13 1802 0 158 73
14 1552 0 166 73
14 2300 0 166 73
15 4112 1 227 73
0 4041 0 228 73
1 4313 0 229 73
2 1777 0 74 74
2 2405 0 74 74
2 3184 0 74 74
3 1656 0 75 74
3 1911 0 75 74
3 2668 0 75 74
4 1124 0 76 74
4 1542 0 76 74
5 1411 0 78 74
6 3003 0 80 74
7 2757 0 81 74
8 2778 0 86 74
8 3799 0 86 74
9 2996 0 87 74
10 219 0 89 74
11 529 0 90 74
12 906 0 92 74
12 2048 0 92 74
12 3136 0 92 74
13 592 0 93 74
13 633 0 93 74
13 1125 0 93 74
14 977 0 95 74
15 1055 1 96 74
0 1808 0 111 74
0 2220 0 111 74
1 1807 0 112 74
2 618 0 114 74
3 5215 0 117 74
4 4212 0 118 74
4 4592 0 118 74
5 750 0 120 74
6 1480 0 124 74
6 2379 0 124 74
7 2653 0 132 74
7 3289 0 132 74
8 2941 0 136 74
8 3452 0 136 74
9 4474 0 137 74
10 124 0 138 74
11 759 0 142 74
12 4250 0 143 74
12 4546 0 143 74
13 788 0 144 74
13 1586 0 144 74
13 2329 0 144 74
14 1902 0 148 74
14 2029 0 148 74
15 3484 0 149 74
15 5266 1 -1 -1
0 4096 0 150 74
1 2133 0 151 74
2 2351 0 152 74
3 768 0 157 74
4 1413 0 165 74
5 1871 0 166 74
6 3589 0 225 74
7 3495 0 226 74
7 4357 0 226 74
8 4265 0 227 74
9 1580 0 75 75
10 1209 0 76 75
10 1698 0 76 75
10 2324 0 76 75
10 2823 0 76 75
11 817 0 77 75
12 1917 0 78 75
13 1433 0 79 75
14 2503 0 81 75
14 3051 0 81 75
15 2180 0 82 75
15 5266 1 -1 -1
0 2663 0 87 75
1 336 0 90 75
2 2364 0 92 75
3 139 0 93 75
3 2140 0 93 75
4 344 0 96 75
4 1019 0 96 75
5 1402 0 112 75
6 4494 0 117 75
6 5214 0 117 75
7 4140 0 118 75
8 4002 0 119 75
9 291 0 120 75
9 1075 0 120 75
10 1380 0 124 75
11 2034 0 132 75
11 2825 0 132 75
11 3188 0 132 75
11 3553 0 132 75
12 2655 0 136 75
13 3924 0 137 75
13 4919 0 137 75
14 480 0 138 75
15 349 0 141 75
15 1276 0 141 75
15 5247 1 141 75
0 1089 0 142 75
1 193 0 143 75
1 1273 0 143 75
1 3879 0 143 75
2 1202 0 144 75
2 1398 0 144 75
3 1508 0 147 75
4 1776 0 148 75
5 3274 0 149 75
6 1806 0 151 75
6 2072 0 151 75
7 364 0 156 75
7 1006 0 156 75
8 1249 0 157 75
9 993 0 164 75
10 1589 0 165 75
11 3692 0 223 75
12 3460 0 224 75
13 3588 0 225 75
14 1162 0 76 76
14 1697 0 76 76
14 2543 0 76 76
15 1022 0 77 76
15 1208 0 77 76
15 2027 0 77 76
15 5266 1 -1 -1
0 591 0 78 76
0 875 0 78 76
1 1211 0 79 76
1 1916 0 79 76
2 821 0 80 76
3 2226 0 82 76
4 2286 0 83 76
5 1998 0 88 76
6 554 0 93 76
6 1504 0 93 76
6 2504 0 93 76
7 228 0 94 76
7 1816 0 94 76
8 543 0 96 76
9 223 0 97 76
10 4568 0 101 76
10 5096 0 101 76
11 1077 0 112 76
11 1495 0 112 76
12 4511 0 117 76
13 4282 0 118 76
13 4994 0 118 76
14 3351 0 119 76
14 4211 0 119 76
15 109 0 120 76
15 5266 1 -1 -1
0 884 0 124 76
0 1713 0 124 76
1 2016 0 132 76
1 2669 0 132 76
2 2553 0 135 76
3 2295 0 136 76
3 2904 0 136 76
4 3625 0 137 76
4 3958 0 137 76
5 116 0 141 76
5 4498 0 141 76
5 5195 0 141 76
6 3378 0 142 76
6 4214 0 142 76
7 135 0 143 76
7 988 0 143 76
7 1661 0 143 76
7 4378 0 143 76
8 1393 0 147 76
9 2758 0 149 76
9 3623 0 149 76
10 1687 0 150 76
11 1534 0 151 76
12 615 0 155 76
13 148 0 156 76
14 744 0 164 76
15 3155 0 221 76
15 5266 1 -1 -1
0 2795 0 222 76
1 3021 0 223 76
1 3735 0 223 76
2 981 0 77 77
2 2506 0 77 77
3 547 0 78 77
3 1021 0 78 77
3 1654 0 78 77
3 2258 0 78 77
4 195 0 79 77
5 1167 0 80 77
6 842 0 81 77
7 1648 0 83 77
7 2396 0 83 77
8 1735 0 84 77
9 2356 0 88 77
10 1893 0 89 77
10 2175 0 89 77
11 4589 0 93 77
11 5075 0 93 77
12 553 0 94 77
12 1384 0 94 77
13 258 0 97 77
14 4515 0 101 77
15 4885 0 102 77
15 5266 1 -1 -1
0 751 0 112 77
1 5187 0 115 77
2 3876 0 118 77
3 3273 0 119 77
4 331 0 120 77
5 745 0 124 77
6 1407 0 132 77
6 2144 0 132 77
6 2548 0 132 77
6 2972 0 132 77
7 2004 0 135 77
8 3275 0 137 77
9 307 0 141 77
9 4290 0 141 77
9 4497 0 141 77
10 3286 0 142 77
11 419 0 143 77
11 761 0 143 77
12 755 0 147 77
13 2646 0 148 77
14 1150 0 150 77
14 1444 0 150 77
15 213 0 155 77
15 5266 1 -1 -1
0 383 0 163 77
0 883 0 163 77
1 2834 0 220 77
2 2874 0 221 77
3 585 0 78 78
3 1020 0 78 78
3 1900 0 78 78
4 418 0 79 78
4 546 0 79 78
4 1404 0 79 78
5 226 0 80 78
6 552 0 81 78
6 1210 0 81 78
7 266 0 82 78
8 1423 0 84 78
9 1858 0 85 78
10 1535 0 89 78
11 1643 0 90 78
12 4950 0 93 78
13 1157 0 94 78
13 1859 0 94 78
13 4481 0 94 78
14 865 0 95 78
15 3873 1 102 78
0 1254 0 112 78
1 481 0 113 78
1 860 0 113 78
2 4466 0 115 78
2 5239 0 115 78
3 3391 0 118 78
3 4122 0 118 78
4 2665 0 119 78
4 3802 0 119 78
5 274 0 124 78
5 994 0 124 78
6 1397 0 132 78
6 2001 0 132 78
7 1585 0 135 78
7 2294 0 135 78
8 2859 0 136 78
8 3550 0 136 78
9 3769 0 137 78
10 3872 0 141 78
11 2678 0 142 78
11 3711 0 142 78
12 375 0 143 78
12 944 0 143 78
13 754 0 146 78
14 1267 0 147 78
15 2049 0 148 78
15 3093 0 148 78
15 5266 1 -1 -1
0 1253 0 149 78
1 771 0 150 78
2 273 0 162 78
3 382 0 163 78
4 2267 0 218 78
5 2196 0 219 78
6 2515 0 220 78
7 305 0 79 79
7 1861 0 79 79
8 370 0 80 79
8 630 0 80 79
8 1018 0 80 79
8 1653 0 80 79
9 422 0 82 79
10 311 0 83 79
11 836 0 85 79
11 1773 0 85 79
12 1264 0 86 79
13 1420 0 90 79
14 1185 0 91 79
15 3994 0 94 79
15 4996 1 94 79
0 812 0 95 79
0 4126 0 95 79
1 1194 0 96 79
2 3672 0 102 79
2 4058 0 102 79
3 3574 0 103 79
4 110 0 113 79
5 4162 0 115 79
5 4533 0 115 79
6 3265 0 118 79
7 2494 0 119 79
7 2664 0 119 79
8 107 0 124 79
9 758 0 132 79
9 1455 0 132 79
9 1909 0 132 79
9 2403 0 132 79
10 1378 0 135 79
11 2635 0 136 79
12 3349 0 140 79
12 4329 0 140 79
13 2541 0 141 79
13 3050 0 141 79
13 4242 0 141 79
14 312 0 142 79
14 2726 0 142 79
15 423 0 143 79
15 5266 1 -1 -1
0 133 0 146 79
0 1266 0 146 79
1 2254 0 147 79
2 2227 0 148 79
3 576 0 149 79
3 770 0 149 79
4 200 0 162 79
5 4947 0 181 79
6 4946 0 182 79
6 5068 0 182 79
7 1831 0 216 79
7 2415 0 216 79
8 2195 0 217 79
9 2414 0 218 79
10 346 0 80 80
10 1199 0 80 80
11 753 0 81 80
12 497 0 83 80
13 4845 0 85 80
13 5095 0 85 80
14 736 0 86 80
14 4697 0 86 80
15 735 0 91 80
15 5266 1 -1 -1
0 3430 0 95 80
0 4026 0 95 80
1 166 0 96 80
1 1156 0 96 80
2 3268 0 103 80
3 4601 0 105 80
3 5151 0 105 80
4 150 0 113 80
5 3869 0 115 80
6 2660 0 118 80
6 3752 0 118 80
7 1991 0 119 80
8 316 0 125 80
9 1822 0 131 80
10 727 0 132 80
10 1425 0 132 80
11 878 0 135 80
11 1705 0 135 80
12 2083 0 136 80
12 3005 0 136 80
13 3266 0 140 80
14 1993 0 141 80
15 267 0 142 80
15 5266 1 -1 -1
0 490 0 145 80
1 192 0 146 80
2 1386 0 147 80
2 2542 0 147 80
3 97 0 149 80
4 4832 0 180 80
5 4495 0 181 80
6 1784 0 214 80
7 1517 0 215 80
8 1752 0 216 80
9 1198 0 81 81
10 343 0 82 81
10 1054 0 82 81
11 1193 0 86 81
11 4514 0 86 81
12 165 0 87 81
12 1263 0 87 81
12 4293 0 87 81
12 4913 0 87 81
13 1118 0 91 81
14 525 0 92 81
14 900 0 92 81
15 3792 0 95 81
15 5266 1 -1 -1
0 449 0 96 81
0 3271 0 96 81
1 220 0 97 81
2 2892 0 103 81
2 3705 0 103 81
3 2891 0 104 81
4 4477 0 105 81
5 4390 0 106 81
5 4971 0 106 81
6 5165 0 109 81
7 4320 0 115 81
8 3282 0 116 81
8 4362 0 116 81
9 2692 0 118 81
10 2427 0 119 81
10 3121 0 119 81
11 1690 0 120 81
11 2101 0 120 81
12 756 0 131 81
12 1863 0 131 81
13 103 0 132 81
13 4802 0 132 81
13 5093 0 132 81
14 741 0 135 81
15 2000 0 136 81
15 5266 1 -1 -1
0 2630 0 140 81
1 1734 0 141 81
1 2079 0 141 81
2 584 0 145 81
3 1195 0 147 81
3 1385 0 147 81
4 251 0 148 81
5 479 0 149 81
6 4123 0 179 81
7 4165 0 180 81
7 4766 0 180 81
8 1217 0 212 81
9 1130 0 213 81
9 1620 0 213 81
10 1662 0 214 81
11 542 0 82 82
12 167 0 83 82
13 488 0 87 82
13 3892 0 87 82
14 190 0 88 82
14 4292 0 88 82
15 333 1 92 82
0 332 0 93 82
1 2918 0 96 82
1 3703 0 96 82
2 535 0 97 82
2 2846 0 97 82
3 2438 0 104 82
3 2666 0 104 82
3 5025 0 104 82
3 5137 0 104 82
4 3867 0 106 82
5 4452 0 109 82
6 3033 0 116 82
6 3316 0 116 82
7 1989 0 119 82
8 1373 0 120 82
9 4956 0 126 82
9 5098 0 126 82
10 137 0 131 82
10 725 0 131 82
11 590 0 132 82
11 4448 0 132 82
12 196 0 135 82
12 1093 0 135 82
13 1392 0 136 82
13 2505 0 136 82
14 2354 0 140 82
14 2694 0 140 82
15 1374 1 141 82
0 722 0 146 82
1 4995 0 161 82
2 4835 0 162 82
2 5073 0 162 82
3 3608 0 178 82
3 4283 0 178 82
4 3965 0 179 82
5 912 0 211 82
6 949 0 212 82
7 541 0 83 83
8 450 0 84 83
9 534 0 88 83
9 3318 0 88 83
9 4213 0 88 83
10 3803 0 89 83
11 152 0 93 83
12 2431 0 97 83
12 2661 0 97 83
13 2531 0 98 83
13 5067 0 98 83
14 2177 0 104 83
15 2222 0 105 83
15 4443 0 105 83
15 5266 1 -1 -1
0 3380 0 106 83
0 4149 0 106 83
1 3778 0 107 83
2 4350 0 109 83
2 4633 0 109 83
3 4106 0 110 83
4 2614 0 116 83
5 1600 0 119 83
5 2124 0 119 83
6 930 0 120 83
6 1569 0 120 83
7 4442 0 126 83
8 92 0 131 83
9 3904 0 132 83
9 4844 0 132 83
10 551 0 134 83
11 172 0 135 83
12 1197 0 136 83
12 1391 0 136 83
13 2010 0 139 83
14 975 0 140 83
14 1772 0 140 83
14 2434 0 140 83
15 1692 1 141 83
0 489 0 146 83
0 813 0 146 83
1 4447 0 161 83
2 3426 0 177 83
3 3425 0 178 83
4 381 0 209 83
4 1216 0 209 83
5 882 0 210 83
6 3045 0 89 84
6 3295 0 89 84
7 4730 0 96 84
7 5076 0 96 84
8 4998 0 97 84
9 1981 0 98 84
9 4440 0 98 84
10 1571 0 105 84
10 2176 0 105 84
10 4009 0 105 84
10 4704 0 105 84
11 4385 0 106 84
12 3147 0 107 84
12 3277 0 107 84
13 3726 0 110 84
13 3882 0 110 84
14 2207 0 116 84
14 2882 0 116 84
15 2424 0 117 84
15 5266 1 -1 -1
0 1360 0 119 84
1 704 0 120 84
2 3957 0 126 84
2 4739 0 126 84
3 113 0 131 84
4 3480 0 132 84
4 3967 0 132 84
5 496 0 134 84
6 738 0 135 84
7 1196 0 136 84
8 1496 0 139 84
8 2250 0 139 84
9 707 0 140 84
10 4924 0 141 84
10 5156 0 141 84
11 339 0 145 84
12 297 0 146 84
13 3920 0 160 84
14 4325 0 161 84
14 4834 0 161 84
15 2747 0 176 84
15 5266 1 -1 -1
0 3122 0 177 84
0 3536 0 177 84
1 380 0 207 84
2 234 0 208 84
3 557 0 209 84
4 3132 0 89 85
5 2621 0 90 85
6 4441 0 97 85
7 2246 0 98 85
8 1531 0 99 85
8 2530 0 99 85
8 3964 0 99 85
8 4567 0 99 85
8 4652 0 99 85
8 5088 0 99 85
9 1609 0 105 85
10 1500 0 106 85
10 3579 0 106 85
10 3912 0 106 85
11 2609 0 107 85
12 3251 0 110 85
13 5014 0 116 85
13 5111 0 116 85
14 1980 0 117 85
15 803 0 119 85
15 1677 1 119 85
0 153 0 120 85
0 1082 0 120 85
1 3544 0 126 85
1 3923 0 126 85
2 3255 0 132 85
3 416 0 135 85
3 837 0 135 85
4 1352 0 139 85
5 189 0 140 85
5 1051 0 140 85
6 4436 0 141 85
7 221 0 145 85
8 3537 0 159 85
9 3659 0 160 85
9 3993 0 160 85
10 2481 0 175 85
10 2746 0 175 85
11 2962 0 176 85
12 432 0 206 85
13 501 0 207 85
14 3044 0 90 86
15 2076 0 91 86
15 3089 0 91 86
15 5266 1 -1 -1
0 4127 0 97 86
0 4997 0 97 86
1 3921 0 98 86
2 1361 0 99 86
2 3990 0 99 86
2 4693 0 99 86
3 1849 0 100 86
3 3568 0 100 86
3 4202 0 100 86
3 4241 0 100 86
3 4656 0 100 86
4 775 0 106 86
4 1769 0 106 86
4 3269 0 106 86
5 3719 0 107 86
6 2148 0 108 86
6 2866 0 108 86
7 5124 0 109 86
8 4518 0 110 86
9 2708 0 111 86
9 3557 0 111 86
10 4435 0 116 86
11 1349 0 117 86
11 2520 0 117 86
12 828 0 119 86
13 256 0 120 86
13 1038 0 120 86
14 367 0 121 86
15 3245 0 126 86
15 5266 1 -1 -1
0 2620 0 132 86
0 3763 0 132 86
1 81 0 135 86
2 625 0 139 86
2 720 0 139 86
2 1855 0 139 86
3 99 0 140 86
4 3898 0 141 86
4 4816 0 141 86
5 4581 0 145 86
5 5170 0 145 86
6 3254 0 159 86
7 2021 0 174 86
8 2345 0 175 86
9 2283 0 91 87
10 1857 0 92 87
10 2102 0 92 87
11 3431 0 98 87
11 4167 0 98 87
12 3569 0 99 87
13 718 0 100 87
13 1848 0 100 87
13 3243 0 100 87
13 3862 0 100 87
14 4289 0 101 87
15 1012 1 106 87
0 620 0 107 87
0 864 0 107 87
0 2650 0 107 87
0 3679 0 107 87
1 1974 0 108 87
2 4178 0 110 87
2 4486 0 110 87
3 2458 0 111 87
3 2637 0 111 87
4 3905 0 116 87
4 4740 0 116 87
5 1028 0 117 87
5 1438 0 117 87
6 71 0 120 87
6 1239 0 120 87
7 580 0 121 87
8 2632 0 126 87
8 3706 0 126 87
9 2252 0 132 87
9 2722 0 132 87
10 342 0 135 87
11 482 0 138 87
11 773 0 138 87
12 533 0 139 87
12 1256 0 139 87
12 4642 0 139 87
13 3408 0 140 87
13 4104 0 140 87
13 4872 0 140 87
13 5052 0 140 87
14 4308 0 141 87
14 4551 0 141 87
14 5142 0 141 87
15 4259 0 145 87
15 4464 0 145 87
15 5266 1 -1 -1
0 2606 0 158 87
1 3167 0 159 87
2 5231 0 165 87
3 1529 0 173 87
3 2277 0 173 87
4 2428 0 174 87
5 1570 0 92 88
6 1499 0 93 88
7 2919 0 99 88
7 3292 0 99 88
8 1003 0 100 88
9 473 0 101 88
9 969 0 101 88
9 2618 0 101 88
9 3244 0 101 88
9 3657 0 101 88
9 4369 0 101 88
10 64 0 107 88
10 2452 0 107 88
10 2682 0 107 88
11 1910 0 108 88
11 2404 0 108 88
12 1346 0 109 88
13 3925 0 110 88
14 2185 0 111 88
14 3770 0 111 88
14 4144 0 111 88
15 2153 1 112 88
0 3401 0 116 88
0 3971 0 116 88
1 799 0 117 88
2 1000 0 118 88
3 121 0 120 88
4 2253 0 126 88
4 2696 0 126 88
5 2075 0 131 88
6 2251 0 132 88
7 75 0 138 88
8 4161 0 139 88
8 4465 0 139 88
9 3152 0 140 88
9 3257 0 140 88
9 4182 0 140 88
9 4921 0 140 88
10 4526 0 141 88
11 3885 0 144 88
12 4190 0 145 88
13 2127 0 157 88
13 3124 0 157 88
14 2886 0 158 88
15 4444 0 164 88
15 5230 1 164 88
0 1886 0 171 88
1 1350 0 172 88
2 1885 0 173 88
3 1188 0 93 89
3 1536 0 93 89
4 931 0 94 89
5 3125 0 99 89
6 2616 0 100 89
7 96 0 101 89
7 2809 0 101 89
7 3514 0 101 89
8 517 0 102 89
8 2215 0 102 89
8 2720 0 102 89
8 3081 0 102 89
8 3760 0 102 89
9 443 0 107 89
10 368 0 108 89
10 1966 0 108 89
11 942 0 109 89
11 1509 0 109 89
12 3238 0 111 89
13 1432 0 112 89
13 2265 0 112 89
14 3675 0 116 89
15 3135 0 117 89
15 3287 0 117 89
15 5266 1 -1 -1
0 144 0 118 89
0 1027 0 118 89
1 1965 0 126 89
2 1353 0 131 89
2 2437 0 131 89
3 253 0 138 89
4 3747 0 139 89
4 3848 0 139 89
5 2601 0 140 89
5 3776 0 140 89
5 3855 0 140 89
6 3240 0 144 89
7 1888 0 156 89
7 2385 0 156 89
8 1997 0 157 89
9 4535 0 160 89
10 4836 0 161 89
10 5077 0 161 89
11 3944 0 163 89
11 4779 0 163 89
12 4922 0 164 89
13 4780 0 168 89
13 5262 0 168 89
14 5206 0 169 89
15 1143 0 170 89
15 5266 1 -1 -1
0 733 0 171 89
0 1884 0 171 89
1 774 0 94 90
2 1046 0 95 90
3 2217 0 100 90
3 3084 0 100 90
4 2128 0 101 90
5 288 0 102 90
5 1976 0 102 90
5 2629 0 102 90
6 2389 0 103 90
6 2480 0 103 90
6 3174 0 103 90
7 1473 0 108 90
7 2451 0 108 90
8 1164 0 109 90
8 1696 0 109 90
9 712 0 110 90
10 2680 0 111 90
10 3551 0 111 90
11 1364 0 112 90
11 3140 0 112 90
12 1166 0 113 90
13 2595 0 117 90
14 62 0 118 90
15 1354 0 126 90
15 2496 0 126 90
15 5266 1 -1 -1
0 973 0 131 90
0 1446 0 131 90
1 2112 0 139 90
1 3226 0 139 90
2 2456 0 140 90
2 2939 0 140 90
2 3228 0 140 90
3 2942 0 143 90
4 2905 0 144 90
4 3492 0 144 90
5 4850 0 146 90
5 5128 0 146 90
6 4504 0 152 90
6 5117 0 152 90
7 1340 0 156 90
8 4054 0 159 90
9 4285 0 160 90
9 4560 0 160 90
10 3407 0 162 90
10 4101 0 162 90
11 4183 0 163 90
12 4703 0 164 90
12 5135 0 164 90
13 4393 0 167 90
13 4751 0 167 90
14 4491 0 168 90
15 472 0 169 90
15 5266 1 -1 -1
0 514 0 170 90
0 804 0 170 90
1 98 0 95 91
1 1262 0 95 91
2 528 0 96 91
3 1603 0 101 91
3 2097 0 101 91
4 1850 0 102 91
5 1339 0 103 91
5 1960 0 103 91
5 2527 0 103 91
6 980 0 109 91
6 1426 0 109 91
7 84 0 110 91
7 1207 0 110 91
8 2257 0 112 91
8 2679 0 112 91
9 693 0 113 91
10 2012 0 117 91
10 2929 0 117 91
11 5241 0 124 91
12 932 0 126 91
12 1448 0 126 91
13 690 0 131 91
14 2626 0 138 91
14 3746 0 138 91
15 1704 0 139 91
15 2003 0 139 91
15 3056 0 139 91
15 3649 1 139 91
0 2704 0 140 91
0 3580 0 140 91
1 2332 0 143 91
1 2657 0 143 91
2 4701 0 145 91
3 4487 0 146 91
4 4031 0 151 91
4 4573 0 151 91
5 4918 0 152 91
6 829 0 155 91
6 1637 0 155 91
7 1800 0 156 91
8 3660 0 158 91
9 3610 0 159 91
9 3902 0 159 91
10 3098 0 161 91
10 3357 0 161 91
11 3525 0 162 91
12 4305 0 163 91
12 4523 0 163 91
13 4744 0 164 91
14 4034 0 166 91
15 3929 0 167 91
15 5266 1 -1 -1
0 396 0 168 91
1 122 0 169 91
2 154 0 96 92
3 1246 0 102 92
3 1334 0 102 92
4 1563 0 103 92
4 1892 0 103 92
4 2353 0 103 92
5 853 0 104 92
5 1372 0 104 92
5 1847 0 104 92
6 4891 0 108 92
6 5157 0 108 92
7 787 0 109 92
7 4506 0 109 92
8 494 0 110 92
8 979 0 110 92
9 264 0 111 92
10 1957 0 112 92
11 173 0 113 92
11 987 0 113 92
12 2047 0 117 92
13 1613 0 118 92
13 2502 0 118 92
14 4428 0 124 92
14 5189 0 124 92
15 691 0 126 92
15 5266 1 -1 -1
0 4545 0 128 92
0 5107 0 128 92
1 76 0 131 92
1 1153 0 131 92
2 2163 0 138 92
2 2689 0 138 92
3 1337 0 139 92
3 2182 0 139 92
3 2703 0 139 92
4 1962 0 143 92
5 3844 0 145 92
5 5023 0 145 92
6 3548 0 150 92
7 3880 0 151 92
8 572 0 154 92
8 895 0 154 92
9 894 0 155 92
10 3127 0 158 92
10 3232 0 158 92
11 2705 0 160 92
12 2789 0 161 92
13 3809 0 162 92
13 3911 0 162 92
14 4069 0 163 92
15 3383 0 165 92
15 5266 1 -1 -1
0 3382 0 166 92
0 4349 0 166 92
1 438 0 168 92
2 1040 0 102 93
3 734 0 103 93
4 695 0 104 93
4 1151 0 104 93
4 1419 0 104 93
5 568 0 105 93
5 1044 0 105 93
5 1238 0 105 93
6 3927 0 109 93
6 4604 0 109 93
7 68 0 110 93
7 1201 0 110 93
8 1774 0 112 93
8 4928 0 112 93
8 5171 0 112 93
9 374 0 113 93
9 1356 0 113 93
10 197 0 114 93
11 1330 0 118 93
12 3870 0 124 93
12 4725 0 124 93
13 59 0 126 93
13 1189 0 126 93
14 4061 0 128 93
14 4472 0 128 93
15 127 0 131 93
15 5266 1 -1 -1
0 1090 0 138 93
0 1840 0 138 93
0 1964 0 138 93
1 792 0 139 93
1 1781 0 139 93
1 1865 0 139 93
1 1967 0 139 93
2 1347 0 142 93
3 1919 0 143 93
3 2459 0 143 93
4 3552 0 144 93
5 3288 0 145 93
5 4303 0 145 93
6 3182 0 150 93
6 3224 0 150 93
7 516 0 153 93
8 72 0 154 93
9 4710 0 155 93
9 5155 0 155 93
10 2594 0 157 93
11 3126 0 158 93
12 2147 0 159 93
13 2230 0 160 93
13 3057 0 160 93
14 3304 0 161 93
15 3446 1 162 93
0 2761 0 164 93
1 3015 0 165 93
1 3527 0 165 93
2 5226 0 169 93
3 4661 0 175 93
3 5109 0 175 93
4 400 0 103 94
4 925 0 103 94
5 327 0 104 94
6 38 0 105 94
6 681 0 105 94
7 4852 0 108 94
7 5143 0 108 94
8 4105 0 109 94
9 169 0 110 94
9 3337 0 110 94
9 4222 0 110 94
10 785 0 113 94
10 1578 0 113 94
10 4418 0 113 94
11 683 0 118 94
11 1898 0 118 94
12 3264 0 124 94
12 4050 0 124 94
13 186 0 126 94
14 3483 0 128 94
14 3874 0 128 94
15 1630 1 137 94
0 265 0 138 94
0 819 0 138 94
0 1368 0 138 94
1 1326 0 139 94
2 843 0 142 94
2 1512 0 142 94
3 2636 0 144 94
3 3521 0 144 94
4 2634 0 149 94
5 2897 0 150 94
6 287 0 153 94
7 4221 0 154 94
7 4815 0 154 94
8 4490 0 155 94
9 1990 0 156 94
10 2485 0 157 94
10 2990 0 157 94
11 1616 0 158 94
12 1745 0 159 94
12 2110 0 159 94
13 2702 0 160 94
14 2934 0 161 94
14 3631 0 161 94
15 2184 0 163 94
15 3102 0 163 94
15 5266 1 -1 -1
0 2760 0 164 94
1 4595 0 168 94
2 4517 0 169 94
2 5225 0 169 94
3 4297 0 173 94
4 4296 0 174 94
4 4473 0 174 94
5 4887 0 175 94
6 4914 0 98 95
6 5099 0 98 95
7 73 0 104 95
8 362 0 105 95
8 442 0 105 95
8 1255 0 105 95
9 91 0 106 95
9 612 0 106 95
10 4527 0 108 95
11 4345 0 109 95
11 4599 0 109 95
12 2828 0 110 95
12 3279 0 110 95
13 838 0 113 95
13 3830 0 113 95
14 417 0 114 95
14 1053 0 114 95
15 164 0 118 95
15 903 0 118 95
15 5266 1 -1 -1
0 2690 0 124 95
0 3344 0 124 95
1 3048 0 128 95
1 3235 0 128 95
2 4688 0 134 95
2 5074 0 134 95
3 701 0 137 95
3 1671 0 137 95
4 42 0 138 95
4 711 0 138 95
4 1743 0 138 95
5 1906 0 139 95
6 498 0 141 95
6 1060 0 141 95
7 794 0 142 95
8 2402 0 143 95
9 2261 0 144 95
9 2701 0 144 95
10 2447 0 148 95
11 1994 0 149 95
11 3004 0 149 95
12 3724 0 153 95
13 3723 0 154 95
13 3847 0 154 95
14 1415 0 155 95
15 2098 1 156 95
0 1087 0 157 95
1 1357 0 158 95
2 2086 0 159 95
2 4453 0 159 95
2 5169 0 159 95
3 2510 0 160 95
3 2788 0 160 95
4 1782 0 162 95
4 2152 0 162 95
5 2151 0 163 95
6 3895 0 167 95
7 4143 0 168 95
7 4849 0 168 95
8 3546 0 172 95
8 4249 0 172 95
9 3878 0 173 95
10 4471 0 98 96
11 4331 0 99 96
11 4626 0 99 96
12 252 0 106 96
13 3687 0 109 96
13 3842 0 109 96
14 3100 0 110 96
15 2368 0 111 96
15 2624 0 111 96
15 5266 1 -1 -1
0 3560 0 113 96
1 32 0 114 96
1 3252 0 114 96
2 626 0 118 96
3 79 0 119 96
4 2211 0 124 96
4 2627 0 124 96
5 2575 0 128 96
6 4125 0 134 96
6 4433 0 134 96
7 239 0 137 96
7 766 0 137 96
8 261 0 138 96
8 791 0 138 96
9 36 0 141 96
10 1693 0 143 96
10 1978 0 143 96
11 1403 0 148 96
11 2141 0 148 96
12 3151 0 153 96
12 3220 0 153 96
13 1004 0 154 96
13 1851 0 154 96
13 4748 0 154 96
14 1381 0 155 96
14 4525 0 155 96
14 5141 0 155 96
15 1206 1 156 96
0 685 0 157 96
1 1579 0 158 96
1 2450 0 158 96
1 3884 0 158 96
1 4752 0 158 96
2 2054 0 159 96
2 4927 0 159 96
3 1410 0 161 96
4 1543 0 162 96
5 3256 0 166 96
6 3716 0 167 96
6 4252 0 167 96
7 3092 0 171 96
7 3320 0 171 96
8 3442 0 172 96
9 3863 0 99 97
10 3673 0 100 97
10 4172 0 100 97
11 3581 0 109 97
12 3187 0 110 97
12 3249 0 110 97
13 1951 0 111 97
14 540 0 114 97
14 2587 0 114 97
14 3731 0 114 97
15 4806 0 119 97
15 5118 0 119 97
15 5266 1 -1 -1
0 1762 0 124 97
0 1959 0 124 97
1 1950 0 128 97
2 3509 0 133 97
3 3791 0 134 97
3 3859 0 134 97
4 37 0 137 97
5 39 0 138 97
6 456 0 141 97
7 1904 0 142 97
8 1324 0 143 97
9 936 0 147 97
9 1737 0 147 97
10 1471 0 148 97
11 2600 0 152 97
12 1145 0 153 97
12 3014 0 153 97
12 4344 0 153 97
13 680 0 154 97
13 3866 0 154 97
13 4706 0 154 97
14 41 0 156 97
14 1163 0 156 97
15 1161 0 157 97
15 1655 0 157 97
15 3261 0 157 97
15 4258 0 157 97
15 5266 1 -1 -1
0 1395 0 158 97
0 4189 0 158 97
1 729 0 160 97
2 1058 0 161 97
2 1828 0 161 97
3 3139 0 164 97
4 2622 0 165 97
4 3624 0 165 97
5 3715 0 166 97
6 3049 0 169 97
7 2607 0 170 97
8 3091 0 171 97
9 3234 0 100 98
10 3133 0 101 98
10 3619 0 101 98
11 2581 0 110 98
12 3097 0 111 98
13 1319 0 112 98
14 4425 0 113 98
14 5129 0 113 98
15 2333 0 114 98
15 2943 1 114 98
0 2019 0 115 98
1 4176 0 119 98
1 4424 0 119 98
2 1316 0 124 98
3 1335 0 128 98
3 2362 0 128 98
4 2917 0 133 98
4 3231 0 133 98
5 667 0 142 98
6 538 0 147 98
6 675 0 147 98
7 2017 0 151 98
8 2150 0 152 98
8 3150 0 152 98
9 22 0 153 98
9 3227 0 153 98
9 4181 0 153 98
10 263 0 155 98
11 939 0 156 98
11 2638 0 156 98
11 3634 0 156 98
12 724 0 157 98
12 3559 0 157 98
13 105 0 159 98
13 1280 0 159 98
14 986 0 160 98
15 2287 0 163 98
15 5266 1 -1 -1
0 2143 0 164 98
0 2787 0 164 98
1 2139 0 168 98
2 2011 0 169 98
2 3179 0 169 98
3 2585 0 101 99
4 3000 0 102 99
5 1946 0 111 99
5 3146 0 111 99
6 714 0 112 99
6 1747 0 112 99
7 1091 0 113 99
7 4463 0 113 99
7 5024 0 113 99
7 5158 0 113 99
8 3841 0 114 99
8 4809 0 114 99
9 1366 0 115 99
9 2187 0 115 99
9 4458 0 115 99
9 5144 0 115 99
10 4666 0 116 99
11 3443 0 120 99
11 3852 0 120 99
12 673 0 124 99
12 1881 0 124 99
13 1141 0 125 99
14 706 0 128 99
14 1538 0 128 99
15 2348 0 133 99
15 2584 0 133 99
15 5266 1 -1 -1
0 48 0 142 99
0 1086 0 142 99
1 28 0 146 99
2 583 0 147 99
3 1617 0 150 99
4 1409 0 151 99
4 2367 0 151 99
5 440 0 152 99
5 2597 0 152 99
5 3686 0 152 99
6 574 0 153 99
6 3685 0 153 99
7 304 0 155 99
7 2018 0 155 99
7 3017 0 155 99
8 112 0 156 99
8 1160 0 156 99
8 2871 0 156 99
9 310 0 158 99
10 373 0 159 99
11 4596 0 160 99
11 5127 0 160 99
12 1506 0 162 99
13 1817 0 163 99
13 2052 0 163 99
14 4549 0 165 99
15 4594 0 166 99
15 5116 1 166 99
0 1355 0 167 99
1 1733 0 168 99
1 2363 0 168 99
2 1943 0 102 100
3 2440 0 103 100
4 1457 0 111 100
4 2407 0 111 100
5 1475 0 112 100
6 87 0 113 100
6 943 0 113 100
6 3868 0 113 100
6 4579 0 113 100
7 3209 0 114 100
7 4340 0 114 100
7 4392 0 114 100
8 1061 0 115 100
8 1434 0 115 100
9 945 0 116 100
9 3721 0 116 100
9 3825 0 116 100
9 4969 0 116 100
10 2822 0 120 100
10 3247 0 120 100
11 45 0 125 100
11 1033 0 125 100
12 162 0 128 100
12 782 0 128 100
13 1801 0 133 100
13 1949 0 133 100
14 4434 0 134 100
14 5105 0 134 100
15 259 1 141 100
0 628 0 142 100
1 537 0 146 100
2 698 0 150 100
2 1584 0 150 100
3 1979 0 151 100
4 2546 0 152 100
4 2863 0 152 100
5 1459 0 154 100
5 2331 0 154 100
6 345 0 155 100
6 2186 0 155 100
7 4339 0 158 100
8 3976 0 159 100
8 4462 0 159 100
9 5022 0 160 100
10 868 0 161 100
10 1738 0 161 100
11 1453 0 162 100
12 3861 0 164 100
13 1050 0 165 100
13 4175 0 165 100
13 4805 0 165 100
14 783 0 166 100
14 1647 0 166 100
15 1897 0 167 100
15 5266 1 -1 -1
0 4620 0 169 100
1 4468 0 170 100
1 5080 0 170 100
2 1313 0 103 101
2 2537 0 103 101
3 5012 0 107 101
3 5106 0 107 101
4 684 0 112 101
4 1658 0 112 101
5 138 0 113 101
6 3217 0 114 101
6 3808 0 114 101
6 4151 0 114 101
7 2572 0 115 101
8 229 0 116 101
8 731 0 116 101
8 3012 0 116 101
8 3211 0 116 101
9 2142 0 120 101
9 2604 0 120 101
10 207 0 125 101
11 66 0 128 101
12 1245 0 133 101
12 1312 0 133 101
13 3840 0 134 101
13 4699 0 134 101
14 104 0 149 101
14 841 0 149 101
15 1278 0 150 101
15 1428 1 150 101
0 1700 0 151 101
0 2146 0 151 101
1 880 0 153 101
1 1706 0 153 101
2 1458 0 154 101
3 3578 0 157 101
4 3321 0 158 101
4 3942 0 158 101
5 341 0 160 101
5 815 0 160 101
6 976 0 161 101
7 3181 0 162 101
7 3768 0 162 101
8 3219 0 163 101
9 163 0 164 101
9 3676 0 164 101
9 4380 0 164 101
10 532 0 165 101
10 835 0 165 101
11 3662 0 168 101
11 3871 0 168 101
12 4056 0 169 101
12 4908 0 169 101
13 665 0 104 102
13 1812 0 104 102
14 4830 0 105 102
14 5054 0 105 102
15 4427 1 106 102
0 4660 0 107 102
1 4142 0 108 102
1 4449 0 108 102
2 983 0 112 102
3 61 0 113 102
3 1204 0 113 102
4 2586 0 114 102
4 3633 0 114 102
5 1924 0 115 102
5 3059 0 115 102
5 3186 0 115 102
6 52 0 116 102
7 2327 0 117 102
7 2577 0 117 102
8 2026 0 120 102
9 1505 0 121 102
9 2323 0 121 102
10 658 0 133 102
11 3178 0 134 102
11 3196 0 134 102
11 4335 0 134 102
12 351 0 148 102
13 350 0 149 102
13 940 0 149 102
14 904 0 150 102
14 1474 0 150 102
15 314 0 152 102
15 1059 1 152 102
0 762 0 153 102
1 2862 0 156 102
2 2700 0 157 102
2 3404 0 157 102
3 47 0 159 102
4 539 0 160 102
5 2446 0 161 102
5 2896 0 161 102
6 2596 0 162 102
7 338 0 163 102
8 337 0 164 102
9 2921 0 166 102
9 3661 0 166 102
10 3233 0 167 102
11 3795 0 168 102
12 1154 0 104 103
13 24 0 105 103
13 1190 0 105 103
14 3888 0 106 103
14 4904 0 106 103
15 3534 0 107 103
15 3984 1 107 103
0 3864 0 108 103
1 3297 0 109 103
1 4377 0 109 103
2 194 0 113 103
3 4555 0 114 103
3 5172 0 114 103
4 1821 0 115 103
4 1939 0 115 103
4 3101 0 115 103
4 4782 0 115 103
5 1314 0 116 103
6 1615 0 117 103
6 1954 0 117 103
7 866 0 121 103
7 1342 0 121 103
8 57 0 132 103
9 247 0 133 103
9 1244 0 133 103
9 2394 0 133 103
9 3002 0 133 103
10 2579 0 134 103
11 588 0 148 103
12 115 0 149 103
12 816 0 149 103
13 377 0 151 103
14 106 0 152 103
14 4534 0 152 103
14 5065 0 152 103
15 2107 0 155 103
15 5266 1 -1 -1
0 2085 0 156 103
0 2861 0 156 103
1 4500 0 157 103
1 5252 0 157 103
2 5198 0 158 103
3 1736 0 160 103
3 2051 0 160 103
4 2025 0 161 103
5 2173 0 165 103
5 2714 0 165 103
6 2750 0 166 103
7 4729 0 192 103
8 4512 0 193 103
9 5072 0 194 103
10 444 0 105 104
11 581 0 106 104
12 3222 0 107 104
13 2741 0 108 104
14 2676 0 109 104
14 3296 0 109 104
15 2969 0 110 104
15 5266 1 -1 -1
0 1325 0 115 104
0 2552 0 115 104
0 3831 0 115 104
0 4636 0 115 104
1 629 0 116 104
1 643 0 116 104
1 1279 0 116 104
1 1659 0 116 104
2 1541 0 117 104
3 941 0 118 104
3 1429 0 118 104
4 4304 0 119 104
4 4404 0 119 104
4 5130 0 119 104
5 222 0 121 104
5 692 0 121 104
6 573 0 132 104
7 1646 0 133 104
7 1944 0 133 104
8 114 0 148 104
9 3850 0 151 104
9 4906 0 151 104
10 4510 0 152 104
11 1405 0 154 104
12 1472 0 155 104
12 2288 0 155 104
13 3846 0 156 104
14 4376 0 157 104
14 4499 0 157 104
15 1052 0 159 104
15 1345 0 159 104
15 5266 1 -1 -1
0 1652 0 160 104
1 1492 0 163 104
2 1852 0 164 104
2 1971 0 164 104
3 2533 0 165 104
4 3756 0 189 104
5 3919 0 190 104
6 3954 0 191 104
6 4949 0 191 104
7 4768 0 192 104
8 2093 0 108 105
8 2613 0 108 105
9 2311 0 109 105
10 1953 0 110 105
10 2783 0 110 105
11 3221 0 115 105
12 491 0 116 105
12 549 0 116 105
12 656 0 116 105
12 2906 0 116 105
12 3586 0 116 105
13 20 0 117 105
14 225 0 118 105
14 679 0 118 105
15 3303 0 119 105
15 3845 1 119 105
0 46 0 121 105
1 902 0 133 105
1 1323 0 133 105
2 4846 0 143 105
3 4461 0 144 105
3 5097 0 144 105
4 3166 0 150 105
4 3229 0 150 105
5 3468 0 151 105
5 4164 0 151 105
6 709 0 153 105
7 872 0 154 105
7 1739 0 154 105
8 3090 0 155 105
8 3218 0 155 105
9 3575 0 156 105
9 4245 0 156 105
10 340 0 157 105
11 669 0 158 105
12 749 0 162 105
12 1639 0 162 105
13 1467 0 163 105
14 2811 0 187 105
14 3755 0 187 105
15 3317 0 188 105
15 5266 1 -1 -1
0 3347 0 189 105
1 1329 0 109 106
1 2039 0 109 106
2 2395 0 110 106
3 1303 0 111 106
3 2500 0 111 106
4 35 0 116 106
4 2037 0 116 106
4 2592 0 116 106
5 421 0 117 106
6 50 0 118 106
7 3331 0 119 106
8 2590 0 120 106
8 3772 0 120 106
9 161 0 133 106
9 682 0 133 106
10 3543 0 143 106
10 3822 0 143 106
10 4738 0 143 106
11 2214 0 149 106
11 2691 0 149 106
12 2642 0 150 106
13 33 0 152 106
14 302 0 153 106
14 1159 0 153 106
14 2495 0 153 106
15 2224 0 154 106
15 2589 1 154 106
0 2999 0 155 106
1 414 0 156 106
2 80 0 157 106
3 250 0 160 106
4 329 0 161 106
4 748 0 161 106
5 1184 0 162 106
6 2315 0 184 106
7 2126 0 185 106
7 3037 0 185 106
8 2674 0 186 106
9 3083 0 187 106
10 1878 0 109 107
11 662 0 110 107
11 1596 0 110 107
12 781 0 111 107
12 1896 0 111 107
13 447 0 112 107
13 705 0 112 107
14 1868 0 116 107
14 2006 0 116 107
15 1348 1 117 107
0 1905 0 120 107
0 1925 0 120 107
0 2898 0 120 107
1 65 0 133 107
2 4455 0 137 107
2 5191 0 137 107
3 5243 0 138 107
4 2631 0 142 107
4 3440 0 142 107
5 3319 0 143 107
6 1370 0 148 107
6 2344 0 148 107
7 1988 0 149 107
8 1610 0 152 107
9 1501 0 153 107
9 1972 0 153 107
10 614 0 159 107
11 147 0 160 107
12 1414 0 182 107
13 1530 0 183 107
13 2347 0 183 107
14 2172 0 184 107
15 508 0 110 108
15 1137 1 110 108
0 15 0 111 108
1 27 0 112 108
2 530 0 113 108
3 661 0 117 108
3 1546 0 117 108
4 978 0 120 108
4 1304 0 120 108
5 1270 0 121 108
6 3539 0 137 108
6 3820 0 137 108
6 4591 0 137 108
7 2223 0 141 108
8 1977 0 142 108
8 2695 0 142 108
9 687 0 147 108
10 1111 0 148 108
10 1399 0 148 108
11 776 0 151 108
12 833 0 152 108
12 1447 0 152 108
13 924 0 179 108
14 747 0 180 108
15 968 0 181 108
15 1636 1 181 108
0 1887 0 182 108
1 5079 0 184 108
2 4616 0 217 108
3 4873 0 218 108
3 5056 0 218 108
4 268 0 117 109
4 1213 0 117 109
5 44 0 118 109
6 82 0 121 109
6 676 0 121 109
7 2715 0 136 109
7 4356 0 136 109
8 2848 0 137 109
8 3223 0 137 109
8 4013 0 137 109
8 4400 0 137 109
8 5040 0 137 109
9 1013 0 141 109
9 1291 0 141 109
9 2439 0 141 109
10 56 0 146 109
11 184 0 147 109
11 1001 0 147 109
11 4248 0 147 109
12 4174 0 148 109
12 4402 0 148 109
12 5104 0 148 109
13 78 0 150 109
14 129 0 151 109
14 1047 0 151 109
15 212 0 177 109
15 5266 1 -1 -1
0 108 0 178 109
1 399 0 179 109
2 4326 0 181 109
3 3890 0 182 109
3 5001 0 182 109
4 4482 0 183 109
5 4537 0 184 109
6 3604 0 212 109
6 4363 0 212 109
7 3987 0 213 109
8 3986 0 214 109
9 4196 0 215 109
9 4794 0 215 109
10 4615 0 216 109
11 4421 0 118 110
11 5119 0 118 110
12 3972 0 119 110
12 4848 0 119 110
13 134 0 121 110
14 1721 0 136 110
14 1923 0 136 110
14 2813 0 136 110
14 3106 0 136 110
14 3192 0 136 110
14 3887 0 136 110
15 77 0 140 110
15 809 0 140 110
15 5266 1 -1 -1
0 832 0 141 110
1 3177 0 146 110
1 3622 0 146 110
2 3215 0 147 110
2 3877 0 147 110
3 2847 0 179 110
3 3511 0 179 110
4 3272 0 180 110
5 3570 0 181 110
5 4055 0 181 110
6 3164 0 207 110
7 2770 0 208 110
8 2769 0 209 110
9 3388 0 210 110
10 3387 0 211 110
11 3603 0 212 110
12 2970 0 119 111
12 3197 0 119 111
12 3906 0 119 111
12 4647 0 119 111
12 5058 0 119 111
13 3857 0 120 111
13 4439 0 120 111
14 1147 0 135 111
15 702 0 136 111
15 1317 0 136 111
15 1969 0 136 111
15 2573 1 136 111
0 128 0 140 111
1 2225 0 145 111
2 2138 0 146 111
2 2570 0 146 111
3 2022 0 176 111
4 2068 0 177 111
4 2991 0 177 111
5 2643 0 178 111
6 3169 0 179 111
7 1632 0 203 111
8 1843 0 204 111
8 2210 0 204 111
9 2121 0 205 111
10 2120 0 206 111
11 2523 0 207 111
11 2843 0 207 111
12 2399 0 119 112
12 2580 0 119 112
13 1956 0 120 112
13 2640 0 120 112
13 3193 0 120 112
13 4117 0 120 112
14 2 0 135 112
14 856 0 135 112
14 948 0 135 112
14 1289 0 135 112
14 2413 0 135 112
14 5161 0 135 112
15 2234 0 136 112
15 5266 1 -1 -1
0 1014 0 144 112
0 1771 0 144 112
1 1315 0 145 112
1 2106 0 145 112
2 4542 0 171 112
2 5091 0 171 112
3 807 0 173 112
4 1248 0 174 112
4 1383 0 174 112
5 1382 0 175 112
5 2488 0 175 112
6 2487 0 176 112
7 1232 0 198 112
8 849 0 199 112
9 848 0 200 112
10 1140 0 201 112
10 1599 0 201 112
11 1485 0 202 112
12 1761 0 203 112
13 723 0 120 113
13 1292 0 120 113
13 2398 0 120 113
13 2524 0 120 113
13 2672 0 120 113
14 1525 0 121 113
14 1937 0 121 113
15 19 0 135 113
15 672 0 135 113
15 3725 0 135 113
15 3827 0 135 113
15 4408 0 135 113
15 5266 1 -1 -1
0 160 0 143 113
1 159 0 144 113
1 671 0 144 113
2 3284 0 168 113
2 4373 0 168 113
3 3851 0 169 113
4 249 0 170 113
4 4210 0 170 113
4 4469 0 170 113
5 74 0 171 113
6 474 0 172 113
6 806 0 172 113
7 1072 0 173 113
8 394 0 195 113
9 206 0 196 113
10 205 0 197 113
11 469 0 198 113
11 1032 0 198 113
12 299 0 120 114
12 752 0 120 114
13 31 0 121 114
13 512 0 121 114
13 640 0 121 114
13 1332 0 121 114
14 2457 0 134 114
14 2564 0 134 114
14 3213 0 134 114
15 431 0 135 114
15 3814 0 135 114
15 5266 1 -1 -1
0 4423 0 139 114
0 5175 0 139 114
1 410 0 143 114
2 2100 0 165 114
3 2391 0 166 114
3 2619 0 166 114
4 2721 0 167 114
4 3439 0 167 114
5 3618 0 168 114
6 4224 0 203 114
6 4785 0 203 114
7 4582 0 204 114
8 4556 0 205 114
9 4977 0 206 114
9 5038 0 206 114
10 90 0 121 115
11 180 0 122 115
12 1165 0 134 115
12 1297 0 134 115
12 1942 0 134 115
12 4389 0 134 115
12 4600 0 134 115
13 4459 0 135 115
13 5147 0 135 115
14 2981 0 138 115
14 3205 0 138 115
14 3916 0 138 115
15 3979 0 139 115
15 4860 0 139 115
15 5266 1 -1 -1
0 4191 0 155 115
0 4445 0 155 115
1 4609 0 156 115
1 5034 0 156 115
2 1081 0 162 115
3 929 0 163 115
3 1421 0 163 115
4 1362 0 164 115
4 2360 0 164 115
5 2137 0 165 115
6 3063 0 197 115
7 2765 0 198 115
7 3734 0 198 115
8 3341 0 199 115
9 3340 0 200 115
10 3636 0 201 115
10 4076 0 201 115
11 3949 0 202 115
12 4264 0 203 115
13 4416 0 124 116
13 5066 0 124 116
14 4993 0 125 116
15 7 0 133 116
15 793 1 133 116
0 760 0 134 116
0 2652 0 134 116
0 3200 0 134 116
0 3838 0 134 116
1 1460 0 137 116
1 1968 0 137 116
2 2189 0 138 116
2 2583 0 138 116
3 2605 0 153 116
3 3411 0 153 116
4 3241 0 154 116
4 3930 0 154 116
5 4037 0 155 116
6 294 0 160 116
7 29 0 161 116
8 703 0 162 116
9 1478 0 192 116
10 1516 0 193 116
10 2464 0 193 116
11 2063 0 194 116
12 2062 0 195 116
13 2377 0 196 116
13 2833 0 196 116
14 2832 0 197 116
15 4713 0 122 117
15 5162 1 122 117
0 4553 0 123 117
1 2603 0 125 117
1 3195 0 125 117
1 3819 0 125 117
1 3881 0 125 117
1 4406 0 125 117
1 4992 0 125 117
1 5148 0 125 117
2 1363 0 133 117
3 1476 0 134 117
3 1928 0 134 117
3 2684 0 134 117
4 94 0 136 117
5 555 0 137 117
5 651 0 137 117
5 1359 0 137 117
6 1214 0 150 117
7 1288 0 151 117
7 2412 0 151 117
8 1940 0 152 117
8 2907 0 152 117
9 3019 0 153 117
10 458 0 186 117
11 142 0 187 117
12 233 0 188 117
12 1129 0 188 117
13 797 0 189 117
14 822 0 190 117
15 1097 0 191 117
15 1551 1 191 117
0 1830 0 192 117
1 2602 0 123 118
1 3203 0 123 118
1 3828 0 123 118
1 4712 0 123 118
2 922 0 125 118
2 1290 0 125 118
2 1922 0 125 118
2 2015 0 125 118
2 2563 0 125 118
2 2808 0 125 118
2 3201 0 125 118
2 4032 0 125 118
3 5 0 133 118
3 645 0 133 118
3 1866 0 133 118
4 198 0 136 118
5 4889 0 140 118
5 5133 0 140 118
6 3973 0 145 118
6 4450 0 145 118
7 4629 0 146 118
7 5122 0 146 118
8 17 0 149 118
9 457 0 150 118
9 654 0 150 118
10 430 0 186 118
11 1308 0 123 119
11 1931 0 123 119
11 2869 0 123 119
12 699 0 124 119
12 1915 0 124 119
13 1 0 125 119
13 674 0 125 119
13 1744 0 125 119
13 2014 0 125 119
14 306 0 126 119
14 646 0 126 119
14 1318 0 126 119
15 2824 1 138 119
0 3010 0 139 119
0 3198 0 139 119
0 3823 0 139 119
0 4457 0 139 119
1 4743 0 140 119
2 1984 0 143 119
2 3183 0 143 119
3 2571 0 144 119
3 3225 0 144 119
4 3549 0 145 119
4 3908 0 145 119
5 8 0 124 120
5 820 0 124 120
6 34 0 126 120
7 678 0 137 120
7 1695 0 137 120
8 1322 0 138 120
8 1926 0 138 120
8 2649 0 138 120
9 301 0 141 120
10 132 0 142 120
10 642 0 142 120
10 1540 0 142 120
11 1336 0 143 120
11 2082 0 143 120
12 4415 0 124 121
12 5176 0 124 121
13 3 0 137 121
13 938 0 137 121
14 300 0 141 121
15 2593 0 157 121
15 5266 1 -1 -1
0 2916 0 158 121
0 3230 0 158 121
1 3470 0 159 121
1 3858 0 159 121
2 4124 0 160 121
2 4432 0 160 121
3 4687 0 161 121
3 5071 0 161 121
4 3970 0 169 121
5 4095 0 170 121
5 4516 0 170 121
6 4484 0 171 121
6 5108 0 171 121
7 4074 0 123 122
7 4409 0 123 122
7 5163 0 123 122
8 2658 0 124 122
8 3206 0 124 122
8 3309 0 124 122
8 3833 0 124 122
8 3875 0 124 122
8 5031 0 124 122
9 1338 0 125 122
9 1934 0 125 122
9 2687 0 125 122
10 3210 0 128 122
10 3824 0 128 122
10 4405 0 128 122
10 5134 0 128 122
11 4509 0 137 122
11 5053 0 137 122
12 571 0 152 122
13 13 0 153 122
13 1243 0 153 122
14 657 0 154 122
15 1242 0 155 122
15 1311 0 155 122
15 5266 1 -1 -1
0 1799 0 156 122
0 1948 0 156 122
1 2346 0 157 122
1 3123 0 157 122
2 974 0 163 122
2 1503 0 163 122
3 1341 0 164 122
3 2501 0 164 122
4 1961 0 165 122
5 2285 0 166 122
5 2677 0 166 122
6 2645 0 167 122
6 3576 0 167 122
7 3236 0 168 122
8 3710 0 169 122
8 4094 0 169 122
9 4200 0 222 122
10 4024 0 223 122
11 4651 0 224 122
12 4650 0 225 122
13 4649 0 226 122
14 4944 0 227 122
14 5061 0 227 122
15 43 0 124 123
15 649 0 124 123
15 1298 0 124 123
15 1932 0 124 123
15 2565 0 124 123
15 3308 0 124 123
15 5266 1 -1 -1
0 10 0 125 123
0 652 0 125 123
0 1547 0 125 123
0 2865 0 125 123
0 3202 0 125 123
0 3826 0 125 123
0 4407 0 125 123
0 5149 0 125 123
1 4 0 128 123
1 644 0 128 123
1 1294 0 128 123
1 1927 0 128 123
1 2561 0 128 123
1 3773 0 128 123
2 1108 0 135 123
2 1672 0 135 123
3 1320 0 136 123
3 1920 0 136 123
3 2560 0 136 123
3 3281 0 136 123
4 3315 0 137 123
4 3817 0 137 123
4 4480 0 137 123
5 411 0 160 123
6 30 0 161 123
7 531 0 162 123
7 696 0 162 123
8 1121 0 163 123
9 1037 0 205 123
10 893 0 206 123
11 892 0 207 123
12 1110 0 208 123
12 1676 0 208 123
13 1527 0 209 123
14 1526 0 210 123
15 1675 0 211 123
15 2384 0 211 123
15 5266 1 -1 -1
0 2170 0 212 123
1 2169 0 213 123
2 2242 0 214 123
2 3119 0 214 123
3 2807 0 215 123
4 2806 0 216 123
5 2805 0 217 123
6 3424 0 218 123
7 3423 0 219 123
8 3422 0 220 123
9 3750 0 221 123
9 4087 0 221 123
10 4199 0 222 123
11 309 0 124 124
12 6 0 125 124
12 632 0 125 124
12 647 0 125 124
12 1295 0 125 124
12 1929 0 125 124
12 2599 0 125 124
13 1169 0 127 124
13 1300 0 127 124
13 1935 0 127 124
13 2567 0 127 124
13 3207 0 127 124
13 3834 0 127 124
13 4410 0 127 124
13 5177 0 127 124
14 0 0 135 124
14 664 0 135 124
15 1883 0 175 124
15 2314 1 175 124
0 1987 0 176 124
1 2245 0 177 124
1 2845 0 177 124
2 2628 0 178 124
3 2989 0 179 124
3 3372 0 179 124
4 3270 0 180 124
5 3751 0 181 124
5 3901 0 181 124
6 3963 0 182 124
6 4831 0 182 124
7 4467 0 183 124
8 4685 0 184 124
8 5064 0 184 124
9 246 0 202 124
10 245 0 203 124
11 244 0 204 124
12 567 0 205 124
12 1178 0 205 124
13 140 0 127 125
13 663 0 127 125
14 89 0 128 125
14 4430 0 128 125
14 5164 0 128 125
15 120 0 170 125
15 5266 1 -1 -1
0 70 0 171 125
1 717 0 172 125
2 746 0 173 125
2 1798 0 173 125
3 1369 0 174 125
4 1490 0 175 125
5 9 0 128 126
5 650 0 128 126
5 1299 0 128 126
5 1933 0 128 126
5 2566 0 128 126
5 3204 0 128 126
5 3829 0 128 126
5 4750 0 128 126
6 11 0 131 127
6 670 0 131 127
7 1062 0 132 127
7 1301 0 132 127
7 1936 0 132 127
7 2568 0 132 127
7 3208 0 132 127
7 3835 0 132 127
7 4411 0 132 127
7 5178 0 132 127
8 272 0 165 127
9 55 0 166 127
10 500 0 167 127
10 716 0 167 127
11 743 0 168 127
11 1751 0 168 127
12 1343 0 169 127
13 1588 0 170 127
13 2090 0 170 127
14 1975 0 171 127
15 2612 0 172 127
15 5266 1 -1 -1
0 2736 0 173 127
0 3494 0 173 127
1 3262 0 174 127
2 3587 0 175 127
2 3917 0 175 127
3 3950 0 176 127
3 4754 0 176 127
4 4454 0 177 127
5 4820 0 178 127
5 5039 0 178 127
6 16 0 149 128
7 550 0 150 128
7 648 0 150 128
7 1914 0 150 128
8 14 0 151 128
8 1307 0 151 128
8 2409 0 151 128
9 589 0 152 128
9 660 0 152 128
9 1947 0 152 128
9 2903 0 152 128
10 1205 0 153 128
10 1305 0 153 128
10 2591 0 153 128
10 3409 0 153 128
11 1907 0 154 128
11 1938 0 154 128
11 3258 0 154 128
11 3928 0 154 128
12 2547 0 155 128
12 2562 0 155 128
12 3960 0 155 128
12 4437 0 155 128
13 3199 0 156 128
13 4388 0 156 128
13 4711 0 156 128
13 5159 0 156 128
14 3837 0 157 128
14 4853 0 157 128
15 4422 0 158 128
15 5145 0 158 128
15 5266 1 -1 -1
0 157 0 181 128
1 130 0 182 128
2 446 0 183 128
2 934 0 183 128
3 780 0 184 128
4 933 0 185 128
4 1732 0 185 128
5 1422 0 186 128
6 1450 0 187 128
6 2539 0 187 128
7 2045 0 188 128
8 2044 0 189 128
9 2443 0 190 128
9 2781 0 190 128
10 2697 0 191 128
11 2928 0 192 128
11 3545 0 192 128
12 3329 0 193 128
13 3400 0 194 128
13 4295 0 194 128
14 3936 0 195 128
15 4005 0 196 128
15 4916 0 196 128
15 5266 1 -1 -1
0 4544 0 197 128
1 4543 0 198 128
2 5011 0 199 128
2 5102 0 199 128
3 12 0 131 129
3 653 0 131 129
3 1302 0 131 129
3 1958 0 131 129
4 2266 0 132 129
4 2569 0 132 129
4 3259 0 132 129
5 146 0 163 129
6 63 0 164 129
6 1144 0 164 129
7 688 0 165 129
8 967 0 166 129
8 1441 0 166 129
9 1351 0 167 129
9 2484 0 167 129
10 1970 0 168 129
11 2216 0 169 129
11 2748 0 169 129
12 2615 0 170 129
12 3790 0 170 129
13 3253 0 171 129
14 3429 0 172 129
14 3992 0 172 129
15 3889 0 173 129
15 4877 0 173 129
15 5266 1 -1 -1
0 4446 0 174 129
1 4767 0 175 129
1 5070 0 175 129
2 3410 0 132 130
2 3836 0 132 130
2 4412 0 132 130
2 5179 0 132 130
3 284 0 145 130
4 119 0 146 130
5 283 0 146 131
5 697 0 146 131
6 801 0 147 131
6 1309 0 147 131
7 1845 0 148 131
7 1921 0 148 131
7 2883 0 148 131
8 2588 0 149 131
8 3263 0 149 131
9 53 0 150 131
9 3343 0 150 131
9 3818 0 150 131
9 4991 0 150 131
10 230 0 151 131
10 686 0 151 131
10 4413 0 151 131
10 5057 0 151 131
11 908 0 152 131
11 1327 0 152 131
12 1619 0 153 131
12 2297 0 153 131
13 224 0 153 132
13 1985 0 153 132
14 49 0 154 132
14 937 0 154 132
14 2334 0 154 132
14 2578 0 154 132
15 677 0 155 132
15 1694 0 155 132
15 3018 0 155 132
15 3212 1 155 132
0 1321 0 156 132
0 2449 0 156 132
0 3732 0 156 132
0 3832 0 156 132
0 4973 0 156 132
1 1941 0 157 132
1 4417 0 157 132
1 5173 0 157 132
2 2574 0 158 132
3 3142 0 159 132
3 3216 0 159 132
4 3629 0 160 132
4 4341 0 160 132
5 428 0 179 132
6 118 0 180 132
7 141 0 181 132
7 1170 0 181 132
8 763 0 182 132
9 742 0 183 132
10 1215 0 184 132
10 1436 0 184 132
11 1412 0 185 132
12 1709 0 186 132
12 2461 0 186 132
13 478 0 148 133
14 3854 0 160 133
15 4253 0 161 133
15 4426 1 161 133
0 4777 0 162 133
0 5131 0 162 133
1 260 0 171 133
2 93 0 172 133
3 587 0 173 133
4 2233 0 186 133
5 2038 0 187 133
6 2232 0 188 133
6 2946 0 188 133
7 2670 0 189 133
8 2764 0 190 133
8 3690 0 190 133
9 3323 0 191 133
10 3312 0 192 133
11 3932 0 193 133
12 3931 0 194 133
12 4975 0 194 133
13 4531 0 195 133
14 4530 0 196 133
15 4895 0 197 133
15 5036 0 197 133
15 5266 1 -1 -1
0 271 0 210 133
1 270 0 211 133
2 269 0 212 133
3 429 0 213 133
3 1063 0 213 133
4 911 0 214 133
5 910 0 215 133
6 909 0 216 133
7 1550 0 217 133
8 1711 0 218 133
9 523 0 148 134
10 23 0 149 134
10 859 0 149 134
11 689 0 150 134
11 1401 0 150 134
12 1371 0 151 134
12 1982 0 151 134
13 2071 0 152 134
13 2777 0 152 134
14 308 0 169 134
15 85 0 170 134
15 5266 1 -1 -1
0 453 0 171 134
0 818 0 171 134
1 556 0 172 134
1 713 0 172 134
2 95 0 173 134
2 545 0 173 134
2 840 0 173 134
2 1277 0 173 134
2 1377 0 173 134
3 117 0 174 134
3 710 0 174 134
3 1127 0 174 134
3 1408 0 174 134
3 2455 0 174 134
4 732 0 175 134
4 1203 0 175 134
4 1406 0 175 134
4 1995 0 175 134
5 796 0 176 134
5 1376 0 176 134
5 1749 0 176 134
5 2149 0 176 134
5 3190 0 176 134
6 1379 0 177 134
6 2002 0 177 134
7 1461 0 178 134
7 2032 0 178 134
7 2460 0 178 134
7 3143 0 178 134
8 2651 0 179 134
9 2731 0 180 134
9 3684 0 180 134
10 3683 0 181 134
11 1750 0 218 134
12 1549 0 219 134
13 1710 0 220 134
13 2376 0 220 134
14 2194 0 221 134
15 2193 0 222 134
15 5266 1 -1 -1
0 2192 0 223 134
1 2514 0 224 134
1 2873 0 224 134
2 2831 0 225 134
3 2830 0 226 134
4 2948 0 227 134
4 3691 0 227 134
5 3459 0 228 134
6 3458 0 229 134
7 3457 0 230 134
8 3733 0 231 134
8 4111 0 231 134
9 4040 0 232 134
10 4039 0 233 134
11 4263 0 234 134
11 4819 0 234 134
12 471 0 138 135
13 18 0 139 135
13 641 0 139 135
13 1528 0 139 135
14 1333 0 140 135
14 2313 0 140 135
15 2751 0 152 135
15 5266 1 -1 -1
0 2851 0 153 135
0 3214 0 153 135
1 3616 0 154 135
1 3821 0 154 135
1 4882 0 154 135
2 4419 0 155 135
2 5085 0 155 135
3 2978 0 176 135
4 2654 0 177 135
5 2411 0 178 135
5 2902 0 178 135
5 3450 0 178 135
6 1996 0 179 135
6 3278 0 179 135
7 2155 0 180 135
7 2944 0 180 135
7 3689 0 180 135
7 3947 0 180 135
8 2639 0 181 135
8 3333 0 181 135
8 3946 0 181 135
8 4890 0 181 135
9 2829 0 182 135
9 3448 0 182 135
9 3529 0 182 135
9 4148 0 182 135
9 4478 0 182 135
10 3280 0 183 135
10 3897 0 183 135
10 4668 0 183 135
10 5153 0 183 135
11 3493 0 184 135
11 4075 0 184 135
11 4255 0 184 135
11 4577 0 184 135
12 3886 0 185 135
12 4489 0 185 135
13 4261 0 186 135
13 4784 0 186 135
13 4967 0 186 135
13 5139 0 186 135
14 4976 0 234 135
15 4673 0 235 135
15 5266 1 -1 -1
0 4672 0 236 135
1 4714 0 237 135
1 5232 0 237 135
2 5180 0 238 135
3 1952 0 140 136
3 2641 0 140 136
4 2673 0 141 136
4 3194 0 141 136
4 3849 0 141 136
5 60 0 153 136
6 191 0 154 136
6 1017 0 154 136
7 4753 0 186 136
8 4479 0 187 136
9 4929 0 188 136
9 5033 0 188 136
10 4364 0 141 137
11 4201 0 142 137
11 4401 0 142 137
11 5063 0 142 137
12 227 0 145 137
13 51 0 146 137
13 728 0 146 137
14 867 0 154 137
15 784 0 155 137
15 1389 1 155 137
0 1388 0 156 137
0 2081 0 156 137
1 1983 0 157 137
1 3138 0 157 137
2 455 0 170 137
3 88 0 171 137
4 313 0 172 137
4 989 0 172 137
5 627 0 173 137
5 730 0 173 137
6 101 0 174 137
6 1023 0 174 137
6 1510 0 174 137
7 111 0 175 137
7 1268 0 175 137
7 1618 0 175 137
8 1056 0 176 137
9 1092 0 146 138
10 905 0 147 138
10 1296 0 147 138
11 315 0 148 138
11 1930 0 148 138
11 3060 0 148 138
12 69 0 149 138
13 2858 0 157 138
14 2608 0 158 138
14 3485 0 158 138
15 3237 0 159 138
15 4177 0 159 138
15 5266 1 -1 -1
0 3853 0 160 138
0 4963 0 160 138
1 1587 0 175 138
2 870 0 176 138
2 1783 0 176 138
2 2061 0 176 138
3 786 0 177 138
3 1862 0 177 138
3 2005 0 177 138
4 1394 0 178 138
4 2554 0 178 138
4 2656 0 178 138
5 1424 0 179 138
5 2508 0 179 138
5 2686 0 179 138
5 3780 0 179 138
6 2013 0 180 138
6 3558 0 180 138
7 2326 0 181 138
8 40 0 145 139
9 262 0 146 139
9 757 0 146 139
10 2940 0 148 139
11 499 0 149 139
11 795 0 149 139
11 2610 0 149 139
11 3250 0 149 139
12 715 0 150 139
12 1367 0 150 139
12 3451 0 150 139
12 3856 0 150 139
13 1435 0 151 139
13 2372 0 151 139
14 4807 0 160 139
15 4429 0 161 139
15 5120 1 161 139
0 3454 0 180 139
1 2260 0 181 139
1 3141 0 181 139
1 3361 0 181 139
1 4223 0 181 139
2 2648 0 182 139
2 3899 0 182 139
3 2728 0 183 139
3 3718 0 183 139
3 4188 0 183 139
3 4607 0 183 139
4 3302 0 184 139
4 4492 0 184 139
5 3356 0 185 139
5 4302 0 185 139
5 4926 0 185 139
5 5209 0 185 139
6 4146 0 186 139
7 726 0 146 140
7 1908 0 146 140
8 1306 0 147 140
8 2109 0 147 140
9 582 0 148 140
9 2292 0 148 140
10 25 0 149 140
11 4186 0 150 140
11 4892 0 150 140
12 2007 0 151 140
12 4420 0 151 140
12 5160 0 151 140
13 2188 0 152 140
13 2582 0 152 140
14 2980 0 153 140
14 3339 0 153 140
15 292 0 164 140
15 5266 1 -1 -1
0 58 0 165 140
1 524 0 166 140
1 719 0 166 140
2 5265 0 185 140
3 4067 0 186 140
4 4066 0 187 140
4 4742 0 187 140
5 4505 0 188 140
6 4741 0 189 140
6 5126 0 189 140
7 2088 0 148 141
7 2598 0 148 141
8 303 0 149 141
8 448 0 149 141
8 1049 0 149 141
8 2864 0 149 141
8 3239 0 149 141
9 668 0 150 141
9 1539 0 150 141
10 1451 0 151 141
11 369 0 153 141
11 3290 0 153 141
12 67 0 154 141
12 3816 0 154 141
12 4783 0 154 141
13 4460 0 155 141
14 1252 0 166 141
15 769 0 167 141
15 1686 0 167 141
15 5266 1 -1 -1
0 1344 0 168 141
1 1685 0 169 141
1 2024 0 169 141
2 2535 0 170 141
3 83 0 149 142
3 3488 0 149 142
3 4346 0 149 142
4 451 0 150 142
4 655 0 150 142
4 3843 0 150 142
4 4476 0 150 142
5 1271 0 151 142
5 1574 0 151 142
5 2046 0 151 142
5 4578 0 151 142
6 1992 0 152 142
6 2633 0 152 142
7 3134 0 153 142
8 415 0 154 142
8 1085 0 154 142
9 666 0 155 142
9 1860 0 155 142
9 4859 0 155 142
9 5174 0 155 142
10 1390 0 156 142
11 596 0 158 142
12 21 0 159 142
13 379 0 160 142
13 765 0 160 142
14 2008 0 170 142
14 3086 0 170 142
15 2617 1 171 142
0 2852 0 172 142
0 3374 0 172 142
1 412 0 173 142
1 3704 0 173 142
2 100 0 174 142
3 257 0 175 142
3 1015 0 175 142
4 814 0 176 142
5 1293 0 151 143
5 2509 0 151 143
5 5027 0 151 143
5 5146 0 151 143
6 426 0 152 143
6 1973 0 152 143
7 2756 0 153 143
7 3246 0 153 143
8 3441 0 154 143
8 3893 0 154 143
9 1452 0 156 143
10 1899 0 157 143
10 1945 0 157 143
11 2400 0 158 143
11 2786 0 158 143
12 1096 0 160 143
13 764 0 161 143
13 1515 0 161 143
14 1331 0 162 143
14 2463 0 162 143
15 2462 0 163 143
15 5266 1 -1 -1
0 3283 0 173 143
1 3860 0 174 143
2 4133 0 175 143
2 4565 0 175 143
3 1158 0 176 143
3 4883 0 176 143
4 935 0 177 143
4 1649 0 177 143
5 1387 0 178 143
6 1575 0 179 143
6 2256 0 179 143
7 2444 0 180 143
8 54 0 152 144
8 2228 0 152 144
8 3009 0 152 144
9 352 0 153 144
9 694 0 153 144
9 2576 0 153 144
9 3487 0 153 144
10 3630 0 154 144
10 4062 0 154 144
11 4336 0 155 144
11 4403 0 155 144
11 5224 0 155 144
12 5223 0 156 144
13 2699 0 158 144
14 2931 0 159 144
14 3248 0 159 144
15 3444 0 160 144
15 4301 1 160 144
0 1963 0 163 144
1 2299 0 164 144
1 2625 0 164 144
2 2872 0 165 144
3 4513 0 176 144
3 5245 0 176 144
4 5193 0 177 144
5 2080 0 180 144
6 2255 0 181 144
6 2895 0 181 144
7 2647 0 182 144
8 2930 0 183 144
8 3807 0 183 144
9 566 0 186 144
10 145 0 187 144
11 179 0 188 144
12 511 0 189 144
13 1094 0 153 145
14 946 0 154 145
14 1328 0 154 145
14 3276 0 154 145
14 3977 0 154 145
15 1548 0 155 145
15 2373 0 155 145
15 3910 0 155 145
15 4702 1 155 145
0 3907 0 160 145
1 4065 0 161 145
1 4456 0 161 145
2 4628 0 162 145
3 2947 0 165 145
3 3413 0 165 145
4 3242 0 166 145
4 4262 0 166 145
5 3948 0 167 145
6 3517 0 183 145
7 3300 0 184 145
8 3547 0 185 145
8 4063 0 185 145
9 3938 0 186 145
10 565 0 189 145
10 963 0 189 145
11 800 0 190 145
12 850 0 191 145
12 1880 0 191 145
13 1486 0 192 145
14 1986 0 155 146
14 4632 0 155 146
15 2154 0 156 146
15 2611 0 156 146
15 4597 0 156 146
15 5132 1 156 146
0 5019 0 162 146
0 5121 0 162 146
1 3980 0 167 146
2 4355 0 168 146
2 4431 0 168 146
3 4671 0 169 146
3 5037 0 169 146
4 4300 0 186 146
5 4338 0 187 146
5 4548 0 187 146
6 4502 0 188 146
7 4960 0 189 146
7 5114 0 189 146
8 1844 0 192 146
9 1464 0 193 146
10 1674 0 194 146
10 2275 0 194 146
11 2065 0 195 146
12 2274 0 196 146
13 26 0 152 147
14 3154 0 156 147
15 2763 0 157 147
15 3260 0 157 147
15 5266 1 -1 -1
0 3363 0 158 147
0 4260 0 158 147
1 2342 0 196 147
2 2712 0 197 147
3 2711 0 198 147
4 2959 0 199 147
4 3567 0 199 147
5 3700 0 200 147
6 427 0 203 147
7 335 0 152 148
8 659 0 153 148
9 3900 0 158 148
10 4036 0 159 148
10 4438 0 159 148
11 4974 0 160 148
12 397 0 196 148
13 326 0 197 148
14 3421 0 200 148
15 3368 0 201 148
15 5266 1 -1 -1
0 3787 0 202 148
0 3962 0 202 148
1 595 0 203 148
1 3988 0 203 148
2 232 0 204 148
3 231 0 205 148
4 378 0 206 148
4 1095 0 206 148
5 990 0 207 148
6 1261 0 153 149
7 1260 0 154 149
7 1310 0 154 149
8 1856 0 155 149
8 2361 0 155 149
9 4669 0 160 149
9 5032 0 160 149
10 569 0 197 149
11 211 0 198 149
12 439 0 199 149
12 1039 0 199 149
13 854 0 200 149
14 1180 0 201 149
15 4322 0 203 149
15 5266 1 -1 -1
0 4279 0 204 149
0 4683 0 204 149
1 4559 0 205 149
2 4646 0 206 149
2 5213 0 206 149
3 1128 0 207 149
3 5212 0 207 149
4 881 0 208 149
5 947 0 209 149
5 1870 0 209 149
6 1514 0 210 149
7 1708 0 211 149
8 1955 0 155 150
9 2493 0 156 150
9 2753 0 156 150
10 923 0 201 150
11 1112 0 202 150
11 1679 0 202 150
12 1491 0 203 150
13 1678 0 204 150
14 1707 0 211 150
15 1513 1 212 150
0 1869 0 213 150
0 2191 0 213 150
1 2190 0 214 150
2 2375 0 215 150
3 2644 0 156 151
4 3088 0 157 151
4 3267 0 157 151
5 1719 0 204 151
6 1764 0 205 151
6 2278 0 205 151
7 2125 0 206 151
8 2171 0 207 151
9 2298 0 215 151
10 2374 0 216 151
10 2945 0 216 151
11 2794 0 217 151
12 2793 0 218 151
13 3105 0 219 151
14 3479 0 157 152
15 3671 0 158 152
15 3839 0 158 152
15 5266 1 -1 -1
0 2528 0 207 152
1 2429 0 208 152
1 2915 0 208 152
2 2773 0 209 152
3 2772 0 210 152
4 3082 0 211 152
5 3020 0 219 152
5 3635 0 219 152
6 3456 0 220 152
7 3412 0 221 152
8 3455 0 222 152
8 4354 0 222 152
9 4353 0 223 152
10 4375 0 158 153
11 4374 0 159 153
11 4414 0 159 153
12 5009 0 160 153
12 5092 0 160 153
13 3508 0 211 153
14 3392 0 212 153
15 3427 0 213 153
15 5266 1 -1 -1
0 3702 0 214 153
0 4203 0 214 153
1 4038 0 223 153
2 4012 0 224 153
3 4110 0 225 153
3 4894 0 225 153
4 4670 0 226 153
5 395 0 193 154
6 4284 0 214 154
7 3991 0 215 154
8 4053 0 216 154
8 4948 0 216 154
9 4619 0 217 154
10 4638 0 227 154
11 4637 0 228 154
12 5035 0 229 154
13 613 0 180 155
14 328 0 181 155
15 611 0 193 155
15 5266 1 -1 -1
0 210 0 194 155
1 209 0 195 155
2 513 0 196 155
2 1237 0 196 155
3 4653 0 218 155
4 4686 0 219 155
4 5217 0 219 155
5 5216 0 220 155
6 401 0 181 156
7 123 0 182 156
8 518 0 183 156
8 1114 0 183 156
9 965 0 196 156
10 852 0 197 156
11 921 0 198 156
12 1005 0 183 157
13 767 0 184 157
14 1041 0 185 157
15 1179 0 198 157
15 5266 1 -1 -1
0 1236 0 199 157
0 1489 0 199 157
1 1488 0 200 157
2 1797 0 201 157
3 1247 0 185 158
3 1604 0 185 158
4 1416 0 186 158
5 1766 0 187 158
6 1634 0 201 158
6 2526 0 201 158
7 2094 0 202 158
8 2244 0 203 158
9 296 0 172 159
10 487 0 173 159
11 1680 0 187 159
11 2386 0 187 159
12 2040 0 188 159
13 2432 0 189 159
14 2426 0 203 159
15 2243 0 204 159
15 3080 0 204 159
15 5266 1 -1 -1
0 2745 0 205 159
1 3120 0 206 159
2 594 0 164 160
3 158 0 173 160
4 409 0 174 160
4 1084 0 174 160
5 2129 0 189 160
6 2693 0 190 160
7 3128 0 191 160
8 2844 0 206 160
9 2961 0 207 160
9 3607 0 207 160
10 3507 0 208 160
11 454 0 164 161
12 86 0 165 161
13 1048 0 174 161
14 721 0 175 161
15 2749 1 191 161
0 3038 0 192 161
0 3432 0 192 161
1 3793 0 193 161
2 3656 0 208 161
3 3390 0 209 161
4 3655 0 210 161
4 4121 0 210 161
5 4323 0 211 161
6 493 0 164 162
7 548 0 165 162
8 495 0 166 162
8 740 0 166 162
9 376 0 167 162
10 174 0 168 162
11 1120 0 176 162
11 1470 0 176 162
12 1612 0 177 162
13 3348 0 193 162
14 3510 0 194 162
14 4168 0 194 162
15 4025 0 211 162
15 5266 1 -1 -1
0 4052 0 212 162
0 4945 0 212 162
1 4765 0 213 162
2 348 0 164 163
3 136 0 165 163
4 739 0 167 163
4 1746 0 167 163
5 425 0 168 163
5 1913 0 168 163
6 424 0 169 163
6 907 0 169 163
7 1573 0 177 163
8 1815 0 178 163
8 2105 0 178 163
9 3933 0 195 163
10 4089 0 196 163
10 4837 0 196 163
11 4875 0 213 163
12 4588 0 214 163
13 4764 0 215 163
13 5062 0 215 163
14 420 0 165 164
14 1275 0 165 164
15 790 1 166 164
0 1358 0 168 164
1 1212 0 169 164
1 1780 0 169 164
2 700 0 170 164
3 2499 0 178 164
4 1999 0 179 164
5 2540 0 180 164
5 3047 0 180 164
6 4999 0 196 164
7 4536 0 197 164
8 4590 0 198 164
9 1057 0 166 165
10 874 0 167 165
10 1742 0 167 165
11 168 0 168 165
12 1827 0 169 165
12 2089 0 169 165
13 2293 0 170 165
14 1281 0 171 165
14 1365 0 171 165
15 413 0 172 165
15 1829 1 172 165
0 131 0 173 165
1 2782 0 180 165
2 2755 0 181 165
3 5219 0 198 165
4 5218 0 199 165
5 1741 0 167 166
6 544 0 168 166
6 1396 0 168 166
7 102 0 169 166
7 1269 0 169 166
8 2111 0 170 166
8 3149 0 170 166
9 2868 0 171 166
10 1511 0 172 166
10 2371 0 172 166
11 536 0 173 166
11 2330 0 173 166
12 298 0 174 166
12 1016 0 174 166
13 1265 0 175 166
14 3001 0 181 166
15 3285 1 182 166
0 3766 0 183 166
1 1779 0 168 167
2 1200 0 169 167
2 1864 0 169 167
2 2033 0 169 167
3 708 0 170 167
4 2791 0 171 167
5 2827 0 172 167
5 3813 0 172 167
6 2113 0 173 167
7 2231 0 174 167
7 3191 0 174 167
8 737 0 175 167
9 1123 0 176 167
10 3352 0 183 167
10 4334 0 183 167
11 4060 0 184 167
12 2406 0 169 168
13 2087 0 170 168
13 3011 0 170 168
14 871 0 171 168
14 1614 0 171 168
15 1903 0 172 168
15 3490 1 172 168
0 3336 0 173 168
1 2870 0 174 168
2 2735 0 175 168
3 1122 0 176 168
3 1577 0 176 168
4 1651 0 177 168
5 4141 0 184 168
6 4030 0 185 168
6 4774 0 185 168
7 3145 0 170 169
8 2623 0 171 169
9 1375 0 172 169
10 1820 0 173 169
10 3556 0 173 169
11 3812 0 174 169
11 3926 0 174 169
12 2979 0 175 169
13 3104 0 176 169
13 3362 0 176 169
14 1576 0 177 169
15 1650 0 178 169
15 2397 1 178 169
0 4483 0 186 169
1 4803 0 187 169
2 3144 0 171 170
3 3055 0 172 170
3 3306 0 172 170
4 1819 0 173 170
4 2084 0 173 170
5 2401 0 174 170
5 4256 0 174 170
6 4073 0 175 170
6 4709 0 175 170
7 3730 0 176 170
8 3311 0 177 170
8 4312 0 177 170
9 2322 0 178 170
10 2050 0 179 170
11 4959 0 187 170
11 5103 0 187 170
12 3305 0 173 171
12 4219 0 173 171
13 2053 0 174 171
14 2544 0 175 171
14 3008 0 175 171
14 4972 0 175 171
15 4451 0 176 171
15 5266 1 -1 -1
0 3883 0 178 171
1 2445 0 179 171
1 4257 0 179 171
2 2365 0 180 171
2 2785 0 180 171
3 3180 0 181 171
4 3865 0 174 172
5 2729 0 175 172
5 4343 0 175 172
6 2933 0 176 172
7 5154 0 177 172
8 4311 0 179 172
8 4608 0 179 172
9 4818 0 180 172
10 2667 0 181 172
11 3053 0 182 172
12 289 0 186 172
13 520 0 187 172
14 4387 0 175 173
14 4475 0 175 173
15 2932 0 176 173
15 3628 0 176 173
15 4968 0 176 173
15 5266 1 -1 -1
0 3520 0 177 173
1 4580 0 180 173
2 5030 0 181 173
2 5168 0 181 173
3 3353 0 182 173
4 3519 0 183 173
5 248 0 187 173
6 363 0 188 173
7 4598 0 176 174
7 5140 0 176 174
8 3445 0 177 174
9 3486 0 178 174
9 4384 0 178 174
10 3518 0 183 174
11 3714 0 184 174
11 4064 0 184 174
12 519 0 188 174
12 1146 0 188 174
13 896 0 189 174
14 4068 0 178 175
15 4008 0 179 175
15 5266 1 -1 -1
0 4217 0 184 175
1 3939 0 185 175
1 5018 0 185 175
2 1183 0 189 175
3 805 0 190 175
4 1182 0 191 175
5 4147 0 179 176
6 4575 0 180 176
7 4962 0 185 176
8 4503 0 186 176
9 4961 0 187 176
10 1181 0 191 176
10 1564 0 191 176
11 1681 0 192 176
12 4808 0 180 177
13 4574 0 181 177
13 5258 0 181 177
14 4627 0 187 177
14 5115 0 187 177
15 1638 1 192 177
0 1532 0 193 177
1 5202 0 181 178
2 2486 0 193 178
3 2067 0 194 178
4 2532 0 195 178
5 570 0 187 179
6 286 0 188 179
7 2099 0 195 179
8 2387 0 196 179
8 3168 0 196 179
9 515 0 188 180
10 185 0 189 180
11 2920 0 196 180
12 2812 0 197 180
13 398 0 190 181
13 1002 0 190 181
14 1241 0 191 181
15 3085 1 197 181
0 2774 0 198 181
0 3757 0 198 181
1 3794 0 199 181
2 855 0 191 182
3 1113 0 192 182
4 3373 0 199 182
5 3612 0 200 182
6 966 0 192 183
7 1240 0 193 183
7 1720 0 193 183
8 3538 0 200 183
9 3611 0 201 183
9 4237 0 201 183
10 1635 0 193 184
11 1602 0 194 184
12 4236 0 201 184
13 3955 0 202 184
14 1765 0 194 185
15 1601 0 195 185
15 2483 1 195 185
0 4128 0 203 185
0 4797 0 203 185
1 4879 0 204 185
2 2430 0 195 186
3 2096 0 196 186
4 4731 0 204 186
5 4689 0 205 186
6 2095 0 197 187
7 2482 0 198 187
8 4878 0 205 187
9 5000 0 206 187
9 5078 0 206 187
10 2529 0 198 188
10 2810 0 198 188
11 3036 0 199 188
12 2885 0 199 189
13 2963 0 200 189
14 3035 0 200 190
14 3754 0 200 190
15 3469 1 201 190
0 3658 0 201 191
1 3428 0 202 191
2 3753 0 202 192
3 3609 0 203 192
3 4088 0 203 192
4 3966 0 204 193
5 4324 0 205 193
6 4166 0 205 194
6 4876 0 205 194
7 4833 0 206 194
8 4728 0 206 195
9 4796 0 207 195
10 4795 0 207 196
11 4907 0 208 196
11 5069 0 208 196
15 5266 1 -1 -1
