# target_slot, uvidx, shift_flag, upix, vpix
0 4987 0 15 18
0 5049 0 15 18
1 4902 0 16 18
2 4791 0 16 19
3 4901 0 17 19
4 4829 0 17 20
5 4866 0 18 20
6 4828 0 18 21
7 4865 0 19 21
8 4231 0 19 22
8 4986 0 19 22
9 4230 0 20 22
10 4193 0 20 23
11 4229 0 21 23
12 4228 0 21 24
13 4192 0 22 24
14 3744 0 22 25
14 4317 0 22 25
15 3599 0 23 25
15 5266 1 -1 -1
0 3646 0 23 26
1 3598 0 24 26
2 3645 0 24 27
3 3597 0 25 27
4 3644 0 25 28
5 3114 0 26 28
5 3696 0 26 28
6 3074 0 26 29
7 2957 0 27 29
8 3073 0 27 30
9 2956 0 28 30
10 3072 0 28 31
11 2955 0 29 31
12 3071 0 29 32
13 2339 0 30 32
14 2422 0 30 33
15 2308 0 31 33
15 5266 1 -1 -1
0 2421 0 31 34
1 2307 0 32 34
2 2420 0 32 35
3 2306 0 33 35
4 1792 0 33 36
5 1668 0 34 36
6 5050 0 6 37
7 4989 0 7 37
8 1838 0 34 37
9 1627 0 35 37
10 4761 0 7 38
11 4868 0 8 38
12 1837 0 35 38
13 1626 0 36 38
14 4867 0 8 39
15 4760 1 9 39
0 1836 0 36 39
1 1107 0 37 39
1 1791 0 37 39
2 4988 0 9 40
3 4722 0 10 40
4 4319 0 11 40
5 1176 0 37 40
6 998 0 38 40
7 4160 0 11 41
8 4232 0 12 41
9 1227 0 38 41
10 958 0 39 41
11 4194 0 12 42
12 4159 0 13 42
13 1226 0 39 42
14 957 0 40 42
15 4318 0 13 43
15 5266 1 -1 -1
0 3600 0 14 43
0 4277 0 14 43
1 3786 0 15 43
2 1225 0 40 43
3 323 0 41 43
4 3533 0 15 44
5 3648 0 16 44
6 605 0 41 44
7 322 0 42 44
8 3647 0 16 45
9 3532 0 17 45
10 604 0 42 45
11 321 0 43 45
12 3785 0 17 46
13 2987 0 18 46
13 3697 0 18 46
14 3116 0 19 46
15 392 1 44 46
0 2958 0 19 47
1 2986 0 20 47
2 5186 0 26 47
3 3029 0 20 48
4 2911 0 21 48
5 4789 0 26 48
5 5238 0 26 48
6 4825 0 27 48
7 3162 0 21 49
8 2310 0 22 49
8 3115 0 22 49
9 2476 0 23 49
10 4824 0 27 49
11 4759 0 28 49
12 5250 0 40 49
13 5249 0 41 49
14 2309 0 23 50
15 2340 1 24 50
0 4936 0 28 50
1 4271 0 29 50
1 4758 0 29 50
2 4737 0 41 50
2 5222 0 41 50
3 4911 0 42 50
4 2423 0 24 51
5 2271 0 25 51
6 4018 0 30 51
7 4270 0 31 51
8 4696 0 42 51
9 4884 0 43 51
10 2518 0 25 52
11 1670 0 26 52
11 2475 0 26 52
12 1839 0 27 52
13 4157 0 31 52
14 4156 0 32 52
15 4770 0 43 52
15 5266 1 -1 -1
0 4244 0 44 52
0 5007 0 44 52
1 1669 0 27 53
2 1717 0 28 53
3 3642 0 32 53
4 3500 0 33 53
5 4171 0 44 53
6 4138 0 45 53
7 1759 0 28 54
8 1628 0 29 54
9 3743 0 33 54
10 3463 0 34 54
11 3782 0 35 54
12 4243 0 45 54
13 3801 0 46 54
13 4137 0 46 54
14 1877 0 29 55
15 999 0 30 55
15 1876 0 30 55
15 5266 1 -1 -1
0 1177 0 31 55
1 3160 0 35 55
1 3499 0 35 55
2 3024 0 36 55
3 3668 0 46 55
4 3478 0 47 55
5 4839 0 53 55
5 5084 0 53 55
6 4953 0 54 55
7 5044 0 6 56
8 1025 0 31 56
9 1069 0 32 56
10 2952 0 36 56
10 4985 0 36 56
10 5048 0 36 56
11 2951 0 37 56
11 4939 0 37 56
12 3761 0 47 56
13 3396 0 48 56
14 4622 0 54 56
15 4910 0 55 56
15 5266 1 -1 -1
0 4719 0 7 57
1 4788 0 8 57
2 1136 0 32 57
3 959 0 33 57
4 3068 0 37 57
4 4680 0 37 57
5 2838 0 38 57
5 4827 0 38 57
6 2927 0 49 57
6 3617 0 49 57
7 4655 0 55 57
8 4328 0 56 57
8 5004 0 56 57
9 4935 0 8 58
10 4718 0 9 58
11 4863 0 10 58
12 358 0 34 58
12 1228 0 34 58
13 506 0 35 58
14 3159 0 38 58
14 4790 0 38 58
15 2238 0 39 58
15 3110 0 39 58
15 4721 1 39 58
0 2471 0 40 58
1 2779 0 50 58
2 3131 0 51 58
3 4027 0 56 58
4 4239 0 57 58
5 4862 0 10 59
6 4079 0 11 59
7 4360 0 12 59
8 434 0 35 59
9 393 0 36 59
10 4361 0 39 59
10 4984 0 39 59
11 2270 0 40 59
11 3983 0 40 59
12 2338 0 41 59
13 2855 0 51 59
14 3087 0 52 59
15 4057 1 57 59
0 3797 0 58 59
0 4288 0 58 59
1 4078 0 12 60
2 4155 0 13 60
3 505 0 36 60
4 357 0 37 60
5 2337 0 41 60
5 3982 0 41 60
6 1833 0 42 60
6 2336 0 42 60
6 4276 0 42 60
7 2221 0 52 60
8 2390 0 53 60
9 3475 0 58 60
10 3614 0 59 60
11 4314 0 13 61
12 3593 0 14 61
12 4269 0 14 61
13 3641 0 15 61
14 606 0 37 61
15 1787 0 42 61
15 3565 0 42 61
15 4316 0 42 61
15 5266 1 -1 -1
0 1558 0 43 61
0 3564 0 43 61
1 2281 0 53 61
2 2320 0 54 61
3 3474 0 59 61
4 3665 0 60 61
5 3640 0 15 62
6 3498 0 16 62
7 3742 0 17 62
8 3596 0 43 62
9 1520 0 44 62
9 3466 0 44 62
10 1786 0 45 62
11 2357 0 54 62
12 1689 0 55 62
12 2536 0 55 62
13 2995 0 60 62
13 3664 0 60 62
14 2994 0 61 62
15 3562 1 17 63
0 2985 0 18 63
0 3694 0 18 63
1 3784 0 44 63
2 1174 0 45 63
2 1714 0 45 63
2 2954 0 45 63
2 3595 0 45 63
3 1066 0 46 63
3 3161 0 46 63
4 1725 0 55 63
5 1607 0 56 63
6 2888 0 61 63
7 2993 0 62 63
8 2879 0 19 64
9 2984 0 20 64
10 5244 0 33 64
11 4769 0 34 64
11 5192 0 34 64
12 4909 0 35 64
13 1103 0 46 64
13 2801 0 46 64
14 955 0 47 64
14 3028 0 47 64
15 1809 1 56 64
0 1568 0 57 64
1 5204 0 61 64
2 2887 0 62 64
2 4708 0 62 64
2 5260 0 62 64
3 2350 0 63 64
3 3171 0 63 64
3 5229 0 63 64
4 3023 0 20 65
5 2878 0 21 65
6 3109 0 22 65
7 4734 0 35 65
8 4733 0 36 65
9 1173 0 47 65
9 2910 0 47 65
10 887 0 48 65
10 2419 0 48 65
10 3027 0 48 65
11 1220 0 49 65
12 1259 0 57 65
12 1894 0 57 65
13 862 0 58 65
14 4855 0 62 65
15 2279 0 63 65
15 4667 0 63 65
15 5266 1 -1 -1
0 2319 0 64 65
0 4746 0 64 65
1 2304 0 22 66
2 2237 0 23 66
3 4952 0 36 66
4 4132 0 37 66
4 4881 0 37 66
5 4327 0 38 66
6 2418 0 48 66
7 319 0 49 66
7 2118 0 49 66
8 466 0 50 66
9 1258 0 58 66
10 861 0 59 66
11 1257 0 60 66
12 4854 0 63 66
13 2249 0 64 66
13 4102 0 64 66
13 4923 0 64 66
14 2318 0 65 66
14 4745 0 65 66
15 2236 1 24 67
0 2303 0 25 67
1 4090 0 38 67
2 4131 0 39 67
3 390 0 50 67
3 2117 0 50 67
4 389 0 51 67
4 2474 0 51 67
5 527 0 60 67
5 1011 0 60 67
6 578 0 61 67
7 4307 0 64 67
8 1642 0 65 67
8 3978 0 65 67
9 1684 0 66 67
9 4099 0 66 67
10 2470 0 25 68
11 1665 0 26 68
11 2469 0 26 68
12 1756 0 27 68
13 4238 0 39 68
14 3436 0 40 68
15 3758 1 41 68
0 465 0 51 68
0 1625 0 51 68
0 2473 0 51 68
1 464 0 52 68
1 1716 0 52 68
2 254 0 61 68
3 526 0 62 68
4 4857 0 63 68
4 5166 0 63 68
5 4893 0 64 68
6 4306 0 65 68
7 1641 0 66 68
7 3449 0 66 68
7 4348 0 66 68
8 1640 0 67 68
8 4097 0 67 68
8 5227 0 67 68
9 1755 0 27 69
10 1557 0 28 69
11 4801 0 32 69
11 5090 0 32 69
12 4912 0 33 69
13 3473 0 41 69
14 3572 0 42 69
15 1667 0 52 69
15 5266 1 -1 -1
0 1594 0 53 69
1 334 0 62 69
2 484 0 63 69
3 4634 0 64 69
4 4856 0 65 69
5 3722 0 66 69
6 1251 0 67 69
6 1722 0 67 69
6 3358 0 67 69
6 5256 0 67 69
7 1010 0 68 69
7 3524 0 68 69
7 4520 0 68 69
7 5255 0 68 69
8 1592 0 29 70
9 1065 0 30 70
9 1875 0 30 70
10 4771 0 33 70
11 4657 0 34 70
12 3663 0 42 70
13 2815 0 43 70
13 3796 0 43 70
14 1835 0 53 70
15 997 0 54 70
15 1758 0 54 70
15 5266 1 -1 -1
0 1224 0 55 70
1 577 0 63 70
2 4309 0 65 70
2 4781 0 65 70
3 4152 0 66 70
4 3779 0 67 70
5 1043 0 68 70
5 2867 0 68 70
5 3688 0 68 70
5 5021 0 68 70
6 970 0 69 70
6 3554 0 69 70
6 4519 0 69 70
7 1172 0 30 71
8 954 0 31 71
9 1102 0 32 71
10 5008 0 34 71
11 4209 0 35 71
11 4843 0 35 71
12 4208 0 36 71
13 2814 0 44 71
14 2964 0 45 71
15 888 0 55 71
15 5266 1 -1 -1
0 1135 0 56 71
1 4108 0 66 71
2 4107 0 67 71
3 3148 0 68 71
4 1042 0 69 71
4 2707 0 69 71
4 5020 0 69 71
5 522 0 70 71
5 1116 0 70 71
5 2900 0 70 71
5 3909 0 70 71
6 1101 0 32 72
7 953 0 33 72
8 600 0 34 72
8 1219 0 34 72
9 4207 0 36 72
10 4000 0 37 72
11 4372 0 38 72
12 3041 0 45 72
13 2219 0 46 72
13 3130 0 46 72
14 956 0 56 72
15 504 0 57 72
15 1134 1 57 72
0 3584 0 67 72
0 4351 0 67 72
1 3491 0 68 72
2 3189 0 69 72
3 405 0 70 72
3 2264 0 70 72
3 2976 0 70 72
4 330 0 71 72
4 2935 0 71 72
4 3626 0 71 72
4 3974 0 71 72
5 388 0 34 73
6 318 0 35 73
7 3516 0 38 73
7 4371 0 38 73
8 3515 0 39 73
9 2174 0 47 73
10 2317 0 48 73
11 467 0 57 73
12 238 0 58 73
13 3583 0 68 73
14 3453 0 69 73
15 2550 0 70 73
15 5266 1 -1 -1
0 441 0 71 73
0 2055 0 71 73
1 290 0 72 73
1 2290 0 72 73
1 2549 0 72 73
1 3301 0 72 73
2 278 0 36 74
3 463 0 37 74
4 3762 0 39 74
5 3438 0 40 74
6 3175 0 41 74
6 3669 0 41 74
7 2349 0 48 74
8 1605 0 49 74
8 2491 0 49 74
9 603 0 58 74
10 202 0 59 74
11 561 0 60 74
12 5254 0 67 74
13 3062 0 69 74
13 3815 0 69 74
14 2792 0 70 74
15 617 0 72 74
15 1701 0 72 74
15 2263 0 72 74
15 5266 1 -1 -1
0 1912 0 73 74
0 2289 0 73 74
0 3006 0 73 74
0 3403 0 73 74
1 462 0 37 75
2 2966 0 41 75
3 2819 0 42 75
4 1494 0 50 75
5 1768 0 51 75
6 602 0 60 75
7 4804 0 67 75
7 5200 0 67 75
8 4700 0 68 75
9 3061 0 70 75
10 2733 0 71 75
11 1430 0 73 75
12 1656 0 74 75
12 1911 0 74 75
12 2668 0 74 75
13 2818 0 43 76
14 2492 0 44 76
14 2997 0 44 76
15 1683 0 51 76
15 5266 1 -1 -1
0 1009 0 52 76
0 1805 0 52 76
1 4775 0 68 76
2 4337 0 69 76
2 4662 0 69 76
3 2512 0 71 76
4 2059 0 72 76
5 1124 0 74 76
5 1542 0 74 76
6 1209 0 75 76
6 1698 0 75 76
6 2324 0 75 76
6 2823 0 75 76
7 2436 0 44 77
8 2134 0 45 77
9 2435 0 46 77
10 1250 0 52 77
11 899 0 53 77
12 1115 0 54 77
13 4773 0 57 77
13 5100 0 57 77
14 5010 0 58 77
15 4251 0 69 77
15 5266 1 -1 -1
0 3937 0 70 77
1 2511 0 72 77
2 1918 0 73 77
2 2058 0 73 77
3 817 0 75 77
4 1022 0 76 77
4 1208 0 76 77
4 2027 0 76 77
5 2282 0 46 78
6 1810 0 47 78
6 2321 0 47 78
7 1008 0 54 78
8 404 0 55 78
8 1149 0 55 78
9 4569 0 58 78
10 4772 0 59 78
11 4298 0 70 78
12 3402 0 71 78
12 4215 0 71 78
13 1411 0 74 78
14 1917 0 75 78
15 591 0 76 78
15 875 0 76 78
15 5266 1 -1 -1
0 547 0 77 78
0 1021 0 77 78
0 1654 0 77 78
0 2258 0 77 78
1 1895 0 47 79
2 1497 0 48 79
3 1727 0 49 79
4 616 0 55 79
5 216 0 56 79
6 521 0 57 79
7 4294 0 59 79
7 4886 0 59 79
8 3968 0 60 79
9 3298 0 72 79
10 3767 0 73 79
11 1433 0 75 79
12 1211 0 76 79
12 1916 0 76 79
13 195 0 77 79
14 418 0 78 79
14 546 0 78 79
14 1404 0 78 79
15 1726 0 49 80
15 5266 1 -1 -1
0 1152 0 50 80
0 1644 0 50 80
1 1187 0 51 80
2 366 0 57 80
3 477 0 58 80
4 4332 0 60 80
5 3708 0 61 80
5 4003 0 61 80
6 3707 0 62 80
7 2784 0 73 80
7 3712 0 73 80
8 3003 0 74 80
9 821 0 76 80
10 1167 0 77 80
11 226 0 78 80
12 370 0 79 80
12 630 0 79 80
12 1018 0 79 80
12 1653 0 79 80
13 972 0 51 81
14 928 0 52 81
15 4813 0 55 81
15 5152 0 55 81
15 5266 1 -1 -1
0 4812 0 56 81
1 3399 0 62 81
2 3481 0 63 81
3 5248 0 68 81
4 2757 0 74 81
5 2503 0 75 81
5 3051 0 75 81
6 842 0 77 81
7 552 0 78 81
7 1210 0 78 81
8 753 0 80 81
9 1186 0 52 82
10 579 0 53 82
10 971 0 53 82
11 485 0 54 82
12 4749 0 56 82
13 4391 0 57 82
13 4602 0 57 82
14 5208 0 59 82
15 3620 1 63 82
0 2724 0 64 82
0 3804 0 64 82
1 4695 0 68 82
1 5196 0 68 82
2 4694 0 69 82
3 2180 0 75 82
4 2226 0 76 82
5 266 0 78 82
6 422 0 79 82
7 343 0 81 82
7 1054 0 81 82
8 406 0 54 83
8 5259 0 54 83
9 255 0 55 83
9 5203 0 55 83
10 619 0 56 83
11 3945 0 58 83
12 4150 0 59 83
12 4817 0 59 83
12 5264 0 59 83
13 4554 0 60 83
14 5029 0 61 83
15 2723 0 65 83
15 5266 1 -1 -1
0 2538 0 66 83
0 2968 0 66 83
1 4736 0 69 83
2 4136 0 70 83
2 4800 0 70 83
3 2286 0 76 83
4 1648 0 77 83
4 2396 0 77 83
5 311 0 79 83
6 497 0 80 83
7 167 0 82 83
8 4983 0 23 84
8 5047 0 23 84
9 4720 0 24 84
10 4665 0 55 84
11 293 0 56 84
11 4576 0 56 84
12 4184 0 59 84
13 3335 0 60 84
14 3811 0 61 84
14 4310 0 61 84
14 4635 0 61 84
15 4109 0 62 84
15 5266 1 -1 -1
0 2284 0 66 84
1 2103 0 67 84
2 4291 0 70 84
3 3891 0 71 84
4 3800 0 72 84
4 4370 0 72 84
5 1735 0 77 84
6 1423 0 78 84
7 450 0 83 84
8 4982 0 24 85
9 4641 0 25 85
10 4679 0 26 85
11 4900 0 27 85
12 5026 0 56 85
13 4218 0 57 85
13 4747 0 57 85
14 4100 0 58 85
15 3381 1 61 85
0 3058 0 62 85
0 3632 0 62 85
0 4187 0 62 85
1 3727 0 63 85
1 4011 0 63 85
2 4395 0 64 85
3 2497 0 67 85
4 1770 0 68 85
4 2178 0 68 85
5 1813 0 69 85
6 3327 0 72 85
7 3542 0 73 85
8 1858 0 78 85
9 836 0 79 85
9 1773 0 79 85
10 4845 0 80 85
10 5095 0 80 85
11 4115 0 27 86
12 4049 0 28 86
13 4158 0 29 86
14 4180 0 58 86
15 3680 0 59 86
15 4071 0 59 86
15 5266 1 -1 -1
0 3720 0 60 86
1 3013 0 62 86
2 2732 0 63 86
3 3099 0 64 86
3 3338 0 64 86
4 3528 0 65 86
5 5015 0 66 86
5 5112 0 66 86
6 1502 0 69 86
7 1572 0 70 86
8 3477 0 73 86
9 2778 0 74 86
9 3799 0 74 86
10 1264 0 79 86
11 736 0 80 86
11 4697 0 80 86
12 1193 0 81 86
12 4514 0 81 86
13 4275 0 29 87
14 3531 0 30 87
14 4274 0 30 87
15 3465 1 31 87
0 3783 0 32 87
1 5257 0 59 87
2 3406 0 60 87
2 4631 0 60 87
2 5201 0 60 87
3 3405 0 61 87
3 4888 0 61 87
4 2408 0 64 87
4 2937 0 64 87
5 2183 0 65 87
5 3585 0 65 87
6 2709 0 66 87
6 4663 0 66 87
7 3153 0 67 87
7 4572 0 67 87
8 1730 0 70 87
9 778 0 71 87
10 2996 0 74 87
11 2663 0 75 87
12 165 0 81 87
12 1263 0 81 87
12 4293 0 81 87
12 4913 0 81 87
13 488 0 82 87
13 3892 0 82 87
14 3464 0 32 88
15 3070 0 33 88
15 3563 1 33 88
0 3026 0 34 88
1 3775 0 61 88
1 4664 0 61 88
2 2730 0 62 88
2 3810 0 62 88
2 4145 0 62 88
2 4776 0 62 88
3 2975 0 63 88
4 2453 0 65 88
5 2056 0 66 88
6 1825 0 67 88
6 2551 0 67 88
6 2734 0 67 88
6 4917 0 67 88
7 2370 0 68 88
7 3103 0 68 88
7 4007 0 68 88
7 4847 0 68 88
8 4216 0 69 88
9 777 0 72 88
10 621 0 73 88
10 1119 0 73 88
11 1998 0 76 88
12 2356 0 77 88
13 190 0 82 88
13 4292 0 82 88
14 534 0 83 88
14 3318 0 83 88
14 4213 0 83 88
15 2953 1 34 89
0 2839 0 35 89
1 2880 0 36 89
2 4381 0 62 89
3 2936 0 63 89
3 3940 0 63 89
4 2262 0 64 89
4 2974 0 64 89
4 3717 0 64 89
4 4179 0 64 89
5 2545 0 65 89
6 1582 0 67 89
7 1477 0 68 89
7 2328 0 68 89
8 2060 0 69 89
8 4006 0 69 89
9 2513 0 70 89
9 3379 0 70 89
9 4379 0 70 89
10 295 0 73 89
11 219 0 74 89
12 1893 0 77 89
12 2175 0 77 89
13 1535 0 78 89
14 3803 0 83 89
15 3045 0 84 89
15 3295 1 84 89
0 3132 0 85 89
1 3113 0 36 90
2 2204 0 37 90
3 2203 0 38 90
4 2472 0 39 90
5 4899 0 52 90
5 5045 0 52 90
6 4938 0 53 90
7 3577 0 64 90
8 2108 0 65 90
8 3330 0 65 90
9 2145 0 66 90
9 3677 0 66 90
10 1867 0 68 90
11 985 0 69 90
11 1702 0 69 90
12 1088 0 70 90
12 1660 0 70 90
12 2369 0 70 90
12 3713 0 70 90
13 1545 0 71 90
13 3299 0 71 90
14 3052 0 72 90
14 3806 0 72 90
15 529 0 74 90
15 5266 1 -1 -1
0 336 0 75 90
1 1643 0 78 90
2 1420 0 79 90
3 2621 0 85 90
4 3044 0 86 90
5 2239 0 39 91
6 1715 0 40 91
6 2381 0 40 91
7 1666 0 41 91
8 4611 0 53 91
9 4558 0 54 91
10 4937 0 55 91
11 1824 0 66 91
11 2971 0 66 91
11 3627 0 66 91
12 1456 0 67 91
12 2727 0 67 91
13 1699 0 68 91
14 984 0 70 91
15 593 0 71 91
15 876 0 71 91
15 1748 1 71 91
0 1126 0 72 91
0 1544 0 72 91
0 2821 0 72 91
1 1168 0 73 91
1 2698 0 73 91
2 1185 0 79 91
3 735 0 80 91
4 1118 0 81 91
5 2076 0 86 91
5 3089 0 86 91
6 2283 0 87 91
7 1757 0 41 92
8 1559 0 42 92
9 1223 0 43 92
9 1593 0 43 92
10 4019 0 55 92
10 4981 0 55 92
11 3952 0 56 92
12 4272 0 57 92
13 3185 0 67 92
14 1657 0 68 92
14 2448 0 68 92
14 2759 0 68 92
15 873 0 69 92
15 1823 0 69 92
15 2259 1 69 92
0 1272 0 70 92
1 631 0 71 92
2 171 0 72 92
3 372 0 73 92
3 879 0 73 92
3 3137 0 73 92
4 906 0 74 92
4 2048 0 74 92
4 3136 0 74 92
5 2364 0 75 92
6 525 0 81 92
6 900 0 81 92
7 333 0 82 92
8 1857 0 87 92
8 2102 0 87 92
9 1570 0 88 92
10 1222 0 43 93
11 919 0 44 93
12 918 0 45 93
13 1133 0 46 93
14 3502 0 57 93
14 4315 0 57 93
15 3342 0 58 93
15 5266 1 -1 -1
0 3695 0 59 93
1 2325 0 69 93
2 839 0 70 93
2 2028 0 70 93
3 586 0 71 93
3 982 0 71 93
3 1818 0 71 93
4 371 0 73 93
5 592 0 74 93
5 633 0 74 93
5 1125 0 74 93
6 139 0 75 93
6 2140 0 75 93
7 554 0 76 93
7 1504 0 76 93
7 2504 0 76 93
8 4589 0 77 93
8 5075 0 77 93
9 4950 0 78 93
10 332 0 82 93
11 152 0 83 93
12 1499 0 88 93
13 1188 0 89 93
13 1536 0 89 93
14 996 0 46 94
15 356 0 47 94
15 1175 0 47 94
15 5266 1 -1 -1
0 355 0 48 94
1 3111 0 59 94
1 3501 0 59 94
2 2710 0 60 94
3 3069 0 61 94
4 492 0 71 94
4 1507 0 71 94
5 170 0 72 94
5 1454 0 72 94
6 452 0 73 94
7 228 0 76 94
7 1816 0 76 94
8 553 0 77 94
8 1384 0 77 94
9 1157 0 78 94
9 1859 0 78 94
9 4481 0 78 94
10 3994 0 79 94
10 4996 0 79 94
11 931 0 89 94
12 774 0 90 94
13 503 0 48 95
14 279 0 49 95
15 391 1 50 95
0 2800 0 61 95
1 2202 0 62 95
1 3025 0 62 95
2 2417 0 63 95
3 1901 0 72 95
4 347 0 73 95
4 869 0 73 95
4 1775 0 73 95
5 977 0 74 95
6 865 0 78 95
7 812 0 79 95
7 4126 0 79 95
8 3430 0 80 95
8 4026 0 80 95
9 3792 0 81 95
10 1046 0 90 95
11 98 0 91 95
11 1262 0 91 95
12 5211 0 36 96
13 4905 0 37 96
13 5210 0 37 96
14 4915 0 48 96
14 5101 0 48 96
15 2161 1 63 96
0 1790 0 64 96
0 2160 0 64 96
1 1789 0 65 96
2 1055 0 74 96
3 344 0 75 96
3 1019 0 75 96
4 543 0 76 96
5 1194 0 79 96
6 166 0 80 96
6 1156 0 80 96
7 449 0 81 96
7 3271 0 81 96
8 2918 0 82 96
8 3703 0 82 96
9 4730 0 84 96
9 5076 0 84 96
10 528 0 91 96
11 154 0 92 96
12 5237 0 24 97
13 4861 0 25 97
13 5185 0 25 97
14 4792 0 37 97
15 4613 0 38 97
15 5266 1 -1 -1
0 4643 0 39 97
1 4278 0 40 97
1 4940 0 40 97
2 4958 0 48 97
3 4593 0 49 97
4 4570 0 50 97
5 4333 0 51 97
5 4957 0 51 97
6 1521 0 65 97
7 1437 0 66 97
8 1221 0 67 97
8 1788 0 67 97
9 223 0 76 97
10 258 0 77 97
11 220 0 81 97
12 535 0 82 97
12 2846 0 82 97
13 2431 0 83 97
13 2661 0 83 97
14 4998 0 84 97
15 4441 0 85 97
15 5266 1 -1 -1
0 4127 0 86 97
0 4997 0 86 97
1 4934 0 25 98
2 4640 0 26 98
3 4678 0 27 98
4 4268 0 28 98
4 4757 0 28 98
5 4359 0 29 98
6 4163 0 40 98
7 3985 0 41 98
8 3699 0 42 98
8 4084 0 42 98
9 3698 0 43 98
10 4093 0 51 98
11 3969 0 52 98
12 3621 0 53 98
12 4173 0 53 98
13 917 0 67 98
14 798 0 68 98
15 1104 1 69 98
0 2531 0 83 98
0 5067 0 83 98
1 1981 0 84 98
1 4440 0 84 98
2 2246 0 85 98
3 3921 0 86 98
4 3431 0 87 98
4 4167 0 87 98
5 4914 0 95 98
5 5099 0 95 98
6 4471 0 96 98
7 4047 0 29 99
8 4046 0 30 99
9 3639 0 31 99
9 4154 0 31 99
10 3638 0 32 99
11 3506 0 43 99
12 3417 0 44 99
13 3076 0 45 99
13 3505 0 45 99
14 3117 0 46 99
15 3764 1 53 99
0 3377 0 54 99
1 3376 0 55 99
2 3046 0 56 99
2 3805 0 56 99
3 433 0 69 99
3 1067 0 69 99
4 143 0 70 99
5 502 0 71 99
6 1531 0 85 99
6 2530 0 85 99
6 3964 0 85 99
6 4567 0 85 99
6 4652 0 85 99
6 5088 0 85 99
7 1361 0 86 99
7 3990 0 86 99
7 4693 0 86 99
8 3569 0 87 99
9 2919 0 88 99
9 3292 0 88 99
10 3125 0 89 99
11 4331 0 96 99
11 4626 0 96 99
12 3863 0 97 99
13 3592 0 32 100
14 3416 0 33 100
15 3462 0 34 100
15 5266 1 -1 -1
0 2837 0 35 100
1 2841 0 46 100
2 2767 0 47 100
3 2382 0 48 100
3 2912 0 48 100
4 2894 0 56 100
5 2754 0 57 100
6 2392 0 58 100
6 2893 0 58 100
7 237 0 71 100
8 601 0 72 100
9 1849 0 86 100
9 3568 0 86 100
9 4202 0 86 100
9 4241 0 86 100
9 4656 0 86 100
10 718 0 87 100
10 1848 0 87 100
10 3243 0 87 100
10 3862 0 87 100
11 1003 0 88 100
12 2616 0 89 100
13 2217 0 90 100
13 3084 0 90 100
14 3673 0 97 100
14 4172 0 97 100
15 3234 0 98 100
15 5266 1 -1 -1
0 3158 0 35 101
1 2799 0 36 101
2 2836 0 37 101
3 2269 0 38 101
3 3067 0 38 101
4 2468 0 39 101
5 2164 0 49 101
6 2119 0 50 101
7 1794 0 51 101
7 2272 0 51 101
8 2077 0 59 101
9 2104 0 60 101
10 1814 0 61 101
10 2441 0 61 101
11 4568 0 76 101
11 5096 0 76 101
12 4515 0 77 101
13 4289 0 87 101
14 473 0 88 101
14 969 0 88 101
14 2618 0 88 101
14 3244 0 88 101
14 3657 0 88 101
14 4369 0 88 101
15 96 0 89 101
15 2809 0 89 101
15 3514 0 89 101
15 5266 1 -1 -1
0 2128 0 90 101
1 1603 0 91 101
1 2097 0 91 101
2 3133 0 98 101
2 3619 0 98 101
3 2585 0 99 101
4 4903 0 11 102
4 5051 0 11 102
5 4723 0 12 102
6 4681 0 13 102
7 4871 0 14 102
8 2268 0 39 102
9 2159 0 40 102
10 1785 0 41 102
10 2302 0 41 102
11 1664 0 42 102
12 1879 0 51 102
13 1484 0 52 102
14 1483 0 53 102
15 1138 0 54 102
15 1673 0 54 102
15 5266 1 -1 -1
0 1645 0 61 102
1 1469 0 62 102
2 1191 0 63 102
2 1537 0 63 102
3 4885 0 77 102
4 3873 0 78 102
5 3672 0 79 102
5 4058 0 79 102
6 517 0 89 102
6 2215 0 89 102
6 2720 0 89 102
6 3081 0 89 102
6 3760 0 89 102
7 288 0 90 102
7 1976 0 90 102
7 2629 0 90 102
8 1850 0 91 102
9 1246 0 92 102
9 1334 0 92 102
10 1040 0 93 102
11 3000 0 99 102
12 1943 0 100 102
13 4870 0 14 103
14 4195 0 15 103
14 4869 0 15 103
15 4083 1 16 103
0 4082 0 17 103
1 3745 0 18 103
1 4116 0 18 103
2 1754 0 42 103
3 1556 0 43 103
4 1519 0 44 103
5 916 0 45 103
6 1231 0 54 103
7 847 0 55 103
8 846 0 56 103
9 563 0 57 103
9 1029 0 57 103
10 810 0 64 103
11 834 0 65 103
12 622 0 66 103
12 1083 0 66 103
13 3574 0 79 103
14 3268 0 80 103
15 2892 0 81 103
15 3705 1 81 103
0 2389 0 90 103
0 2480 0 90 103
0 3174 0 90 103
1 1339 0 91 103
1 1960 0 91 103
1 2527 0 91 103
2 1563 0 92 103
2 1892 0 92 103
2 2353 0 92 103
3 734 0 93 103
4 400 0 94 103
4 925 0 94 103
5 2440 0 100 103
6 1313 0 101 103
6 2537 0 101 103
7 3504 0 19 104
8 3467 0 20 104
9 3503 0 21 104
10 3032 0 22 104
10 3601 0 22 104
11 3031 0 23 104
12 1218 0 45 104
13 915 0 46 104
14 886 0 47 104
15 387 0 48 104
15 1132 1 48 104
0 461 0 49 104
1 509 0 57 104
2 204 0 58 104
3 203 0 59 104
4 435 0 60 104
5 408 0 66 104
6 155 0 67 104
7 187 0 68 104
8 2891 0 81 104
9 2438 0 82 104
9 2666 0 82 104
9 5025 0 82 104
9 5137 0 82 104
10 2177 0 83 104
11 853 0 92 104
11 1372 0 92 104
11 1847 0 92 104
12 695 0 93 104
12 1151 0 93 104
12 1419 0 93 104
13 327 0 94 104
14 73 0 95 104
15 665 0 102 104
15 1812 1 102 104
0 1154 0 103 104
1 3030 0 23 105
2 2840 0 24 105
3 2881 0 25 105
4 2341 0 26 105
4 3075 0 26 105
5 2206 0 27 105
6 386 0 49 105
7 277 0 50 105
7 5242 0 50 105
8 354 0 51 105
8 4648 0 51 105
8 5190 0 51 105
9 4838 0 52 105
9 4942 0 52 105
9 5083 0 52 105
10 4563 0 53 105
11 4562 0 54 105
12 4366 0 55 105
12 5003 0 55 105
13 4601 0 80 105
13 5151 0 80 105
14 4477 0 81 105
15 2222 0 83 105
15 4443 0 83 105
15 5266 1 -1 -1
0 1571 0 84 105
0 2176 0 84 105
0 4009 0 84 105
0 4704 0 84 105
1 1609 0 85 105
2 568 0 93 105
2 1044 0 93 105
2 1238 0 93 105
3 38 0 94 105
3 681 0 94 105
4 362 0 95 105
4 442 0 95 105
4 1255 0 95 105
5 4830 0 102 105
5 5054 0 102 105
6 24 0 103 105
6 1190 0 103 105
7 444 0 104 105
8 2240 0 28 106
9 2205 0 29 106
10 1629 0 30 106
10 2519 0 30 106
11 1560 0 31 106
12 1793 0 32 106
13 4617 0 52 106
14 4280 0 53 106
14 4684 0 53 106
15 3953 1 54 106
0 3998 0 55 106
0 4118 0 55 106
1 3956 0 56 106
2 3435 0 57 106
2 4287 0 57 106
3 3571 0 58 106
4 4390 0 81 106
4 4971 0 81 106
5 3867 0 82 106
6 3380 0 83 106
6 4149 0 83 106
7 4385 0 84 106
8 1500 0 85 106
8 3579 0 85 106
8 3912 0 85 106
9 775 0 86 106
9 1769 0 86 106
9 3269 0 86 106
10 1012 0 87 106
11 91 0 95 106
11 612 0 95 106
12 252 0 96 106
13 4427 0 102 106
14 3888 0 103 106
14 4904 0 103 106
15 581 1 104 106
0 1718 0 32 107
1 1230 0 33 107
1 1595 0 33 107
2 962 0 34 107
3 961 0 35 107
4 960 0 36 107
5 3788 0 55 107
5 4197 0 55 107
6 3346 0 56 107
7 3345 0 57 107
8 2960 0 58 107
8 3540 0 58 107
8 3605 0 58 107
9 3040 0 59 107
9 3472 0 59 107
10 2717 0 60 107
11 2850 0 61 107
12 3778 0 83 107
13 3147 0 84 107
13 3277 0 84 107
14 2609 0 85 107
15 3719 1 86 107
0 620 0 87 107
0 864 0 87 107
0 2650 0 87 107
0 3679 0 87 107
1 64 0 88 107
1 2452 0 88 107
1 2682 0 88 107
2 443 0 89 107
3 5012 0 101 107
3 5106 0 101 107
4 4660 0 102 107
5 3534 0 103 107
5 3984 0 103 107
6 3222 0 104 107
7 1229 0 36 108
8 562 0 37 108
8 1026 0 37 108
9 281 0 38 108
10 324 0 39 108
11 280 0 40 108
12 507 0 41 108
13 3165 0 58 108
14 2713 0 59 108
15 2525 0 60 108
15 2742 0 60 108
15 5266 1 -1 -1
0 2066 0 61 108
0 3039 0 61 108
1 2132 0 62 108
1 2383 0 62 108
1 3129 0 62 108
2 2069 0 63 108
3 1767 0 64 108
3 2248 0 64 108
3 4735 0 64 108
3 5087 0 64 108
4 5006 0 65 108
5 2148 0 86 108
5 2866 0 86 108
6 1974 0 87 108
7 1910 0 88 108
7 2404 0 88 108
8 368 0 89 108
8 1966 0 89 108
9 1473 0 90 108
9 2451 0 90 108
10 4891 0 92 108
10 5157 0 92 108
11 4852 0 94 108
11 5143 0 94 108
12 4527 0 95 108
13 4142 0 102 108
13 4449 0 102 108
14 3864 0 103 108
15 2741 0 104 108
15 5266 1 -1 -1
0 2093 0 105 108
0 2613 0 105 108
1 607 0 41 109
2 4954 0 55 109
2 5089 0 55 109
3 2241 0 62 109
4 1633 0 63 109
4 2312 0 63 109
5 1439 0 64 109
5 1890 0 64 109
6 1443 0 65 109
6 1561 0 65 109
6 4540 0 65 109
7 1442 0 66 109
7 4134 0 66 109
7 4692 0 66 109
8 830 0 67 109
8 1889 0 67 109
8 3922 0 67 109
9 1148 0 68 109
9 4205 0 68 109
10 5165 0 81 109
11 4452 0 82 109
12 4350 0 83 109
12 4633 0 83 109
13 5124 0 86 109
14 1346 0 88 109
15 942 0 89 109
15 1509 0 89 109
15 5266 1 -1 -1
0 1164 0 90 109
0 1696 0 90 109
1 980 0 91 109
1 1426 0 91 109
2 787 0 92 109
2 4506 0 92 109
3 3927 0 93 109
3 4604 0 93 109
4 4105 0 94 109
5 4345 0 95 109
5 4599 0 95 109
6 3687 0 96 109
6 3842 0 96 109
7 3581 0 97 109
8 3297 0 103 109
8 4377 0 103 109
9 2676 0 104 109
9 3296 0 104 109
10 2311 0 105 109
11 1329 0 106 109
11 2039 0 106 109
12 1878 0 107 109
13 4842 0 55 110
14 4541 0 56 110
15 4330 0 57 110
15 4623 1 57 110
0 3935 0 58 110
1 4135 0 59 110
2 1233 0 65 110
2 1796 0 65 110
3 802 0 66 110
4 825 0 67 110
5 360 0 68 110
5 898 0 68 110
5 1034 0 68 110
5 3476 0 68 110
5 4368 0 68 110
6 403 0 69 110
6 609 0 69 110
6 1007 0 69 110
6 3294 0 69 110
7 149 0 70 110
7 2890 0 70 110
7 3541 0 70 110
8 402 0 71 110
8 2853 0 71 110
9 4106 0 83 110
10 3726 0 84 110
10 3882 0 84 110
11 3251 0 85 110
12 4518 0 86 110
13 4178 0 87 110
13 4486 0 87 110
14 3925 0 88 110
15 712 0 90 110
15 5266 1 -1 -1
0 84 0 91 110
0 1207 0 91 110
1 494 0 92 110
1 979 0 92 110
2 68 0 93 110
2 1201 0 93 110
3 169 0 94 110
3 3337 0 94 110
3 4222 0 94 110
4 2828 0 95 110
4 3279 0 95 110
5 3100 0 96 110
6 3187 0 97 110
6 3249 0 97 110
7 2581 0 98 110
8 2969 0 104 110
9 1953 0 105 110
9 2783 0 105 110
10 2395 0 106 110
11 662 0 107 110
11 1596 0 107 110
12 508 0 108 110
12 1137 0 108 110
13 3798 0 59 111
13 4206 0 59 111
14 3326 0 60 111
15 3350 0 61 111
15 5266 1 -1 -1
0 2817 0 62 111
0 3667 0 62 111
1 2965 0 63 111
2 182 0 69 111
3 181 0 70 111
4 365 0 71 111
4 2925 0 71 111
5 2280 0 72 111
5 2889 0 72 111
6 2009 0 73 111
7 1808 0 74 111
7 2220 0 74 111
8 2708 0 86 111
8 3557 0 86 111
9 2458 0 87 111
9 2637 0 87 111
10 2185 0 88 111
10 3770 0 88 111
10 4144 0 88 111
11 3238 0 89 111
12 2680 0 90 111
12 3551 0 90 111
13 264 0 92 111
14 2368 0 96 111
14 2624 0 96 111
15 1951 1 97 111
0 3097 0 98 111
1 1946 0 99 111
1 3146 0 99 111
2 1457 0 100 111
2 2407 0 100 111
3 1303 0 106 111
3 2500 0 106 111
4 781 0 107 111
4 1896 0 107 111
5 15 0 108 111
6 2926 0 63 112
7 2355 0 64 112
7 2854 0 64 112
8 2074 0 65 112
9 2043 0 66 112
10 1688 0 67 112
11 1807 0 74 112
12 1402 0 75 112
13 1077 0 76 112
13 1495 0 76 112
14 751 0 77 112
15 1254 1 78 112
0 2153 0 88 112
1 1432 0 89 112
1 2265 0 89 112
2 1364 0 90 112
2 3140 0 90 112
3 2257 0 91 112
3 2679 0 91 112
4 1957 0 92 112
5 1774 0 93 112
5 4928 0 93 112
5 5171 0 93 112
6 1319 0 98 112
7 714 0 99 112
7 1747 0 99 112
8 1475 0 100 112
9 684 0 101 112
9 1658 0 101 112
10 983 0 102 112
11 447 0 107 112
11 705 0 107 112
12 27 0 108 112
13 1606 0 67 113
14 1445 0 68 113
15 927 0 69 113
15 1724 0 69 113
15 5266 1 -1 -1
0 808 0 70 113
1 1079 0 71 113
2 481 0 78 113
2 860 0 78 113
3 110 0 79 113
4 150 0 80 113
5 1166 0 90 113
6 693 0 91 113
7 173 0 92 113
7 987 0 92 113
8 374 0 93 113
8 1356 0 93 113
9 785 0 94 113
9 1578 0 94 113
9 4418 0 94 113
10 838 0 95 113
10 3830 0 95 113
11 3560 0 96 113
12 4425 0 98 113
12 5129 0 98 113
13 1091 0 99 113
13 4463 0 99 113
13 5024 0 99 113
13 5158 0 99 113
14 87 0 100 113
14 943 0 100 113
14 3868 0 100 113
14 4579 0 100 113
15 138 0 101 113
15 5266 1 -1 -1
0 61 0 102 113
0 1204 0 102 113
1 194 0 103 113
2 530 0 108 113
3 483 0 71 114
3 1078 0 71 114
4 151 0 72 114
5 126 0 73 114
6 618 0 74 114
7 197 0 93 114
8 417 0 95 114
8 1053 0 95 114
9 32 0 96 114
9 3252 0 96 114
10 540 0 97 114
10 2587 0 97 114
10 3731 0 97 114
11 2333 0 98 114
11 2943 0 98 114
12 3841 0 99 114
12 4809 0 99 114
13 3209 0 100 114
13 4340 0 100 114
13 4392 0 100 114
14 3217 0 101 114
14 3808 0 101 114
14 4151 0 101 114
15 2586 0 102 114
15 3633 0 102 114
15 5266 1 -1 -1
0 4555 0 103 114
0 5172 0 103 114
1 5187 0 77 115
2 4466 0 78 115
2 5239 0 78 115
3 4162 0 79 115
3 4533 0 79 115
4 3869 0 80 115
5 4320 0 81 115
6 2019 0 98 115
7 1366 0 99 115
7 2187 0 99 115
7 4458 0 99 115
7 5144 0 99 115
8 1061 0 100 115
8 1434 0 100 115
9 2572 0 101 115
10 1924 0 102 115
10 3059 0 102 115
10 3186 0 102 115
11 1821 0 103 115
11 1939 0 103 115
11 3101 0 103 115
11 4782 0 103 115
12 1325 0 104 115
12 2552 0 104 115
12 3831 0 104 115
12 4636 0 104 115
13 3221 0 105 115
14 5240 0 27 116
15 4762 0 28 116
15 5188 1 28 116
0 4644 0 29 116
1 4682 0 30 116
2 4234 0 31 116
2 4793 0 31 116
3 4021 0 32 116
4 4020 0 33 116
5 3748 0 34 116
5 4233 0 34 116
6 4826 0 44 116
6 5046 0 44 116
7 4612 0 45 116
8 4585 0 46 116
9 4081 0 47 116
9 4864 0 47 116
10 4048 0 48 116
11 3282 0 81 116
11 4362 0 81 116
12 3033 0 82 116
12 3316 0 82 116
13 2614 0 83 116
14 2207 0 84 116
14 2882 0 84 116
15 5014 0 85 116
15 5111 1 85 116
0 4435 0 86 116
1 3905 0 87 116
1 4740 0 87 116
2 3401 0 88 116
2 3971 0 88 116
3 3675 0 89 116
4 4666 0 99 116
5 945 0 100 116
5 3721 0 100 116
5 3825 0 100 116
5 4969 0 100 116
6 229 0 101 116
6 731 0 101 116
6 3012 0 101 116
6 3211 0 101 116
7 52 0 102 116
8 1314 0 103 116
9 629 0 104 116
9 643 0 104 116
9 1279 0 104 116
9 1659 0 104 116
10 491 0 105 116
10 549 0 105 116
10 656 0 105 116
10 2906 0 105 116
10 3586 0 105 116
11 35 0 106 116
11 2037 0 106 116
11 2592 0 106 116
12 1868 0 107 116
12 2006 0 107 116
13 3650 0 34 117
14 3419 0 35 117
15 3418 1 36 117
0 3077 0 37 117
0 3566 0 37 117
1 2803 0 38 117
2 2802 0 39 117
3 2521 0 40 117
3 2842 0 40 117
4 2165 0 41 117
5 2273 0 42 117
6 4273 0 48 117
7 3643 0 49 117
7 4080 0 49 117
8 3386 0 50 117
9 3367 0 51 117
10 2909 0 52 117
10 3594 0 52 117
11 2740 0 53 117
12 2766 0 54 117
13 2305 0 55 117
13 3112 0 55 117
14 5215 0 74 117
15 4494 0 75 117
15 5214 1 75 117
0 4511 0 76 117
1 2424 0 84 117
2 1980 0 85 117
3 1349 0 86 117
3 2520 0 86 117
4 1028 0 87 117
4 1438 0 87 117
5 799 0 88 117
6 3135 0 89 117
6 3287 0 89 117
7 2595 0 90 117
8 2012 0 91 117
8 2929 0 91 117
9 2047 0 92 117
10 2327 0 102 117
10 2577 0 102 117
11 1615 0 103 117
11 1954 0 103 117
12 1541 0 104 117
13 20 0 105 117
14 421 0 106 117
15 1348 1 107 117
0 661 0 108 117
0 1546 0 108 117
1 268 0 109 117
1 1213 0 109 117
2 2425 0 42 118
3 2208 0 43 118
4 1597 0 44 118
4 2477 0 44 118
5 1523 0 45 118
6 1522 0 46 118
7 1031 0 47 118
7 1760 0 47 118
8 890 0 48 118
9 889 0 49 118
10 510 0 50 118
10 1030 0 50 118
11 2380 0 55 118
12 2092 0 56 118
13 1834 0 57 118
13 2162 0 57 118
14 1482 0 58 118
15 1463 0 59 118
15 5221 0 59 118
15 5266 1 -1 -1
0 1068 0 60 118
0 1624 0 60 118
0 4564 0 60 118
0 5220 0 60 118
1 824 0 61 118
1 4538 0 61 118
2 995 0 62 118
2 4028 0 62 118
2 4840 0 62 118
3 3934 0 63 118
4 3395 0 64 118
4 4240 0 64 118
5 3324 0 65 118
6 3759 0 66 118
7 4955 0 72 118
7 5094 0 72 118
8 4470 0 73 118
9 4212 0 74 118
9 4592 0 74 118
10 4140 0 75 118
11 4282 0 76 118
11 4994 0 76 118
12 3876 0 77 118
13 3391 0 78 118
13 4122 0 78 118
14 3265 0 79 118
15 2660 0 80 118
15 3752 1 80 118
0 2692 0 81 118
1 1000 0 88 118
2 144 0 89 118
2 1027 0 89 118
3 62 0 90 118
4 1613 0 92 118
4 2502 0 92 118
5 1330 0 93 118
6 683 0 94 118
6 1898 0 94 118
7 164 0 95 118
7 903 0 95 118
8 626 0 96 118
9 941 0 104 118
9 1429 0 104 118
10 225 0 105 118
10 679 0 105 118
11 50 0 106 118
12 44 0 109 118
13 4421 0 110 118
13 5119 0 110 118
14 241 0 51 119
15 240 0 52 119
15 5266 1 -1 -1
0 282 0 53 119
1 1106 0 62 119
2 320 0 63 119
2 1105 0 63 119
3 178 0 64 119
4 177 0 65 119
5 2924 0 66 119
5 3615 0 66 119
6 2675 0 67 119
7 2388 0 68 119
7 2816 0 68 119
8 2023 0 69 119
9 1891 0 70 119
9 2070 0 70 119
10 1400 0 71 119
11 1565 0 72 119
12 4002 0 75 119
13 3351 0 76 119
13 4211 0 76 119
14 3273 0 77 119
15 2665 0 78 119
15 3802 1 78 119
0 2494 0 79 119
0 2664 0 79 119
1 1991 0 80 119
2 2427 0 81 119
2 3121 0 81 119
3 1989 0 82 119
4 1600 0 83 119
4 2124 0 83 119
5 1360 0 84 119
6 803 0 85 119
6 1677 0 85 119
7 828 0 86 119
8 79 0 96 119
9 4806 0 97 119
9 5118 0 97 119
10 4176 0 98 119
10 4424 0 98 119
11 4304 0 104 119
11 4404 0 104 119
11 5130 0 104 119
12 3303 0 105 119
12 3845 0 105 119
13 3331 0 106 119
14 3972 0 110 119
14 4848 0 110 119
15 2970 0 111 119
15 3197 0 111 119
15 3906 0 111 119
15 4647 0 111 119
15 5058 1 111 119
0 2399 0 112 119
0 2580 0 112 119
1 1723 0 72 120
2 831 0 73 120
2 1854 0 73 120
3 750 0 74 120
4 291 0 75 120
4 1075 0 75 120
5 109 0 76 120
6 331 0 77 120
7 1690 0 81 120
7 2101 0 81 120
8 1373 0 82 120
9 930 0 83 120
9 1569 0 83 120
10 704 0 84 120
11 153 0 85 120
11 1082 0 85 120
12 256 0 86 120
12 1038 0 86 120
13 71 0 87 120
13 1239 0 87 120
14 121 0 88 120
15 3443 0 99 120
15 3852 0 99 120
15 5266 1 -1 -1
0 2822 0 100 120
0 3247 0 100 120
1 2142 0 101 120
1 2604 0 101 120
2 2026 0 102 120
3 2590 0 106 120
3 3772 0 106 120
4 1905 0 107 120
4 1925 0 107 120
4 2898 0 107 120
5 978 0 108 120
5 1304 0 108 120
6 3857 0 111 120
6 4439 0 111 120
7 1956 0 112 120
7 2640 0 112 120
7 3193 0 112 120
7 4117 0 112 120
8 723 0 113 120
8 1292 0 113 120
8 2398 0 113 120
8 2524 0 113 120
8 2672 0 113 120
9 299 0 114 120
9 752 0 114 120
10 367 0 86 121
11 580 0 87 121
12 1505 0 102 121
12 2323 0 102 121
13 866 0 103 121
13 1342 0 103 121
14 222 0 104 121
14 692 0 104 121
15 46 1 105 121
0 1270 0 108 121
1 82 0 109 121
1 676 0 109 121
2 134 0 110 121
3 1525 0 113 121
3 1937 0 113 121
4 31 0 114 121
4 512 0 114 121
4 640 0 114 121
4 1332 0 114 121
5 90 0 115 121
6 180 0 115 122
7 4713 0 117 122
7 5162 0 117 122
8 5183 0 63 123
9 4532 0 64 123
9 5235 0 64 123
10 4493 0 65 123
11 4933 0 66 123
12 4553 0 117 123
13 2602 0 118 123
13 3203 0 118 123
13 3828 0 118 123
13 4712 0 118 123
14 1308 0 119 123
14 1931 0 119 123
14 2869 0 119 123
15 4074 0 122 123
15 4409 0 122 123
15 5163 1 122 123
0 3951 0 66 124
1 3918 0 67 124
2 3291 0 68 124
3 3314 0 69 124
4 2688 0 70 124
4 3781 0 70 124
5 2659 0 71 124
6 2064 0 72 124
6 3108 0 72 124
7 2020 0 73 124
8 1480 0 74 124
8 2379 0 74 124
9 1380 0 75 124
10 884 0 76 124
10 1713 0 76 124
11 745 0 77 124
12 274 0 78 124
12 994 0 78 124
13 107 0 79 124
14 5241 0 91 124
15 4428 0 92 124
15 5189 1 92 124
0 3870 0 93 124
0 4725 0 93 124
1 3264 0 94 124
1 4050 0 94 124
2 2690 0 95 124
2 3344 0 95 124
3 2211 0 96 124
3 2627 0 96 124
4 1762 0 97 124
4 1959 0 97 124
5 1316 0 98 124
6 673 0 99 124
6 1881 0 99 124
7 4416 0 116 124
7 5066 0 116 124
8 699 0 119 124
8 1915 0 119 124
9 8 0 120 124
9 820 0 120 124
10 4415 0 121 124
10 5176 0 121 124
11 2658 0 122 124
11 3206 0 122 124
11 3309 0 122 124
11 3833 0 122 124
11 3875 0 122 124
11 5031 0 122 124
12 43 0 123 124
12 649 0 123 124
12 1298 0 123 124
12 1932 0 123 124
12 2565 0 123 124
12 3308 0 123 124
13 5236 0 11 125
14 4823 0 12 125
14 5184 0 12 125
15 4677 0 13 125
15 5266 1 -1 -1
0 4717 0 14 125
1 4676 0 15 125
2 4114 0 16 125
2 4980 0 16 125
3 4045 0 17 125
4 4077 0 18 125
5 3591 0 19 125
5 4227 0 19 125
6 3497 0 20 125
7 3461 0 21 125
8 3496 0 22 125
9 2908 0 23 125
9 3741 0 23 125
10 2877 0 24 125
11 3066 0 25 125
12 4763 0 42 125
12 5059 0 42 125
13 4586 0 43 125
14 4618 0 44 125
15 4023 0 45 125
15 4943 0 45 125
15 5266 1 -1 -1
0 3989 0 46 125
1 3606 0 47 125
1 4119 0 47 125
2 3389 0 48 125
3 3369 0 49 125
4 2914 0 50 125
4 3653 0 50 125
5 2743 0 51 125
6 2771 0 52 125
7 2168 0 53 125
7 3118 0 53 125
8 2123 0 54 125
9 2122 0 55 125
10 1465 0 56 125
11 1487 0 57 125
12 1142 0 58 125
12 1562 0 58 125
13 851 0 59 125
14 826 0 60 125
15 436 0 61 125
15 1035 0 61 125
15 5266 1 -1 -1
0 183 0 62 125
1 208 0 63 125
2 470 0 64 125
3 316 0 80 125
4 1141 0 99 125
5 45 0 100 125
5 1033 0 100 125
6 207 0 101 125
7 4993 0 116 125
8 2603 0 117 125
8 3195 0 117 125
8 3819 0 117 125
8 3881 0 117 125
8 4406 0 117 125
8 4992 0 117 125
8 5148 0 117 125
9 922 0 118 125
9 1290 0 118 125
9 1922 0 118 125
9 2015 0 118 125
9 2563 0 118 125
9 2808 0 118 125
9 3201 0 118 125
9 4032 0 118 125
10 1 0 119 125
10 674 0 119 125
10 1744 0 119 125
10 2014 0 119 125
11 1338 0 122 125
11 1934 0 122 125
11 2687 0 122 125
12 10 0 123 125
12 652 0 123 125
12 1547 0 123 125
12 2865 0 123 125
12 3202 0 123 125
12 3826 0 123 125
12 4407 0 123 125
12 5149 0 123 125
13 6 0 124 125
13 632 0 124 125
13 647 0 124 125
13 1295 0 124 125
13 1929 0 124 125
13 2599 0 124 125
14 2950 0 25 126
15 2876 0 26 126
15 5266 1 -1 -1
0 2201 0 27 126
1 2235 0 28 126
2 2200 0 29 126
3 1832 0 30 126
3 2301 0 30 126
4 1555 0 31 126
5 1591 0 32 126
6 1554 0 33 126
7 1100 0 34 126
7 1753 0 34 126
8 914 0 35 126
9 952 0 36 126
10 913 0 37 126
11 385 0 38 126
11 1171 0 38 126
12 276 0 39 126
13 317 0 40 126
14 275 0 41 126
15 4956 0 82 126
15 5098 1 82 126
0 4442 0 83 126
1 3957 0 84 126
1 4739 0 84 126
2 3544 0 85 126
2 3923 0 85 126
3 3245 0 86 126
4 2632 0 87 126
4 3706 0 87 126
5 2253 0 88 126
5 2696 0 88 126
6 1965 0 89 126
7 1354 0 90 126
7 2496 0 90 126
8 932 0 91 126
8 1448 0 91 126
9 691 0 92 126
10 59 0 93 126
10 1189 0 93 126
11 186 0 94 126
12 306 0 119 126
12 646 0 119 126
12 1318 0 119 126
13 34 0 120 126
14 1169 0 124 127
14 1300 0 124 127
14 1935 0 124 127
14 2567 0 124 127
14 3207 0 124 127
14 3834 0 124 127
14 4410 0 124 127
14 5177 0 124 127
15 140 0 125 127
15 663 0 125 127
15 5266 1 -1 -1
0 4545 0 92 128
0 5107 0 92 128
1 4061 0 93 128
1 4472 0 93 128
2 3483 0 94 128
2 3874 0 94 128
3 3048 0 95 128
3 3235 0 95 128
4 2575 0 96 128
5 1950 0 97 128
6 1335 0 98 128
6 2362 0 98 128
7 706 0 99 128
7 1538 0 99 128
8 162 0 100 128
8 782 0 100 128
9 66 0 101 128
10 3210 0 122 128
10 3824 0 122 128
10 4405 0 122 128
10 5134 0 122 128
11 4 0 123 128
11 644 0 123 128
11 1294 0 123 128
11 1927 0 123 128
11 2561 0 123 128
11 3773 0 123 128
12 89 0 125 128
12 4430 0 125 128
12 5164 0 125 128
13 9 0 126 128
13 650 0 126 128
13 1299 0 126 128
13 1933 0 126 128
13 2566 0 126 128
13 3204 0 126 128
13 3829 0 126 128
13 4750 0 126 128
14 575 0 59 131
14 1479 0 59 131
15 215 0 60 131
15 1099 0 60 131
15 1590 0 60 131
15 5266 1 -1 -1
0 214 0 61 131
0 823 0 61 131
1 475 0 62 131
1 844 0 62 131
2 353 0 63 131
2 1064 0 63 131
3 176 0 64 131
4 175 0 65 131
5 598 0 66 131
6 1822 0 80 131
7 756 0 81 131
7 1863 0 81 131
8 137 0 82 131
8 725 0 82 131
9 92 0 83 131
10 113 0 84 131
11 2075 0 88 131
12 1353 0 89 131
12 2437 0 89 131
13 973 0 90 131
13 1446 0 90 131
14 690 0 91 131
15 76 0 92 131
15 1153 1 92 131
0 127 0 93 131
1 11 0 127 131
1 670 0 127 131
2 12 0 129 131
2 653 0 129 131
2 1302 0 129 131
2 1958 0 129 131
3 4690 0 40 132
4 4621 0 41 132
5 4204 0 42 132
5 4798 0 42 132
6 3997 0 43 132
7 3996 0 44 132
7 4897 0 44 132
7 5042 0 44 132
8 3394 0 45 132
8 4365 0 45 132
8 4584 0 45 132
9 3393 0 46 132
9 4583 0 46 132
10 3170 0 47 132
10 3434 0 47 132
10 4113 0 47 132
10 4822 0 47 132
11 2776 0 48 132
11 3981 0 48 132
12 2775 0 49 132
12 3739 0 49 132
12 4016 0 49 132
13 2490 0 50 132
13 2849 0 50 132
13 3366 0 50 132
14 2131 0 51 132
14 3365 0 51 132
15 1608 0 52 132
15 2130 0 52 132
15 2982 0 52 132
15 3561 1 52 132
0 1498 0 53 132
0 1804 0 53 132
0 2247 0 53 132
0 2739 0 53 132
1 1045 0 54 132
1 1468 0 54 132
1 1728 0 54 132
1 2738 0 54 132
2 863 0 55 132
2 1493 0 55 132
2 2198 0 55 132
2 3065 0 55 132
3 901 0 56 132
3 1074 0 56 132
3 1682 0 56 132
3 2091 0 56 132
4 407 0 57 132
4 858 0 57 132
4 1080 0 57 132
4 2116 0 57 132
5 218 0 58 132
5 857 0 58 132
5 1462 0 58 132
6 217 0 59 132
6 476 0 59 132
6 1073 0 59 132
6 1872 0 59 132
7 486 0 60 132
8 4970 0 68 132
9 4033 0 69 132
9 4811 0 69 132
9 5136 0 69 132
10 3913 0 70 132
10 4488 0 70 132
11 3334 0 71 132
11 4342 0 71 132
11 4347 0 71 132
11 4524 0 71 132
12 3307 0 72 132
12 3896 0 72 132
13 2706 0 73 132
13 3522 0 73 132
13 3777 0 73 132
13 4070 0 73 132
14 2653 0 74 132
14 3289 0 74 132
15 2034 0 75 132
15 2825 0 75 132
15 3188 0 75 132
15 3553 1 75 132
0 2016 0 76 132
0 2669 0 76 132
1 1407 0 77 132
1 2144 0 77 132
1 2548 0 77 132
1 2972 0 77 132
2 1397 0 78 132
2 2001 0 78 132
3 758 0 79 132
3 1455 0 79 132
3 1909 0 79 132
3 2403 0 79 132
4 727 0 80 132
4 1425 0 80 132
5 103 0 81 132
5 4802 0 81 132
5 5093 0 81 132
6 590 0 82 132
6 4448 0 82 132
7 3904 0 83 132
7 4844 0 83 132
8 3480 0 84 132
8 3967 0 84 132
9 3255 0 85 132
10 2620 0 86 132
10 3763 0 86 132
11 2252 0 87 132
11 2722 0 87 132
12 2251 0 88 132
13 57 0 103 132
14 573 0 104 132
15 1062 0 127 132
15 1301 0 127 132
15 1936 0 127 132
15 2568 0 127 132
15 3208 0 127 132
15 3835 0 127 132
15 4411 0 127 132
15 5178 0 127 132
15 5266 1 -1 -1
0 2266 0 129 132
0 2569 0 129 132
0 3259 0 129 132
1 3410 0 130 132
1 3836 0 130 132
1 4412 0 130 132
1 5179 0 130 132
2 5197 0 36 133
3 4658 0 37 133
3 5251 0 37 133
4 4625 0 38 133
5 4624 0 39 133
5 4880 0 39 133
5 5082 0 39 133
6 4001 0 40 133
6 4951 0 40 133
7 4029 0 41 133
8 3670 0 42 133
8 4139 0 42 133
9 3398 0 43 133
10 3397 0 44 133
11 2998 0 45 133
11 3573 0 45 133
12 2820 0 46 133
13 2780 0 47 133
14 2359 0 48 133
14 2967 0 48 133
15 2136 1 49 133
0 2135 0 50 133
1 1729 0 51 133
1 2358 0 51 133
2 1811 0 52 133
3 4707 0 67 133
3 5150 0 67 133
4 4528 0 68 133
5 3509 0 97 133
6 2917 0 98 133
6 3231 0 98 133
7 2348 0 99 133
7 2584 0 99 133
8 1801 0 100 133
8 1949 0 100 133
9 1245 0 101 133
9 1312 0 101 133
10 658 0 102 133
11 247 0 103 133
11 1244 0 103 133
11 2394 0 103 133
11 3002 0 103 133
12 1646 0 104 133
12 1944 0 104 133
13 902 0 105 133
13 1323 0 105 133
14 161 0 106 133
14 682 0 106 133
15 65 1 107 133
0 7 0 116 133
0 793 0 116 133
1 1363 0 117 133
2 5 0 118 133
2 645 0 118 133
2 1866 0 118 133
3 551 0 83 134
4 496 0 84 134
5 4688 0 95 134
5 5074 0 95 134
6 4125 0 96 134
6 4433 0 96 134
7 3791 0 97 134
7 3859 0 97 134
8 4434 0 100 134
8 5105 0 100 134
9 3840 0 101 134
9 4699 0 101 134
10 3178 0 102 134
10 3196 0 102 134
10 4335 0 102 134
11 2579 0 103 134
12 2457 0 114 134
12 2564 0 114 134
12 3213 0 114 134
13 1165 0 115 134
13 1297 0 115 134
13 1942 0 115 134
13 4389 0 115 134
13 4600 0 115 134
14 760 0 116 134
14 2652 0 116 134
14 3200 0 116 134
14 3838 0 116 134
15 1476 0 117 134
15 1928 0 117 134
15 2684 0 117 134
15 5266 1 -1 -1
0 2553 0 76 135
1 2004 0 77 135
2 1585 0 78 135
2 2294 0 78 135
3 1378 0 79 135
4 878 0 80 135
4 1705 0 80 135
5 741 0 81 135
6 196 0 82 135
6 1093 0 82 135
7 172 0 83 135
8 738 0 84 135
9 416 0 85 135
9 837 0 85 135
10 81 0 86 135
11 342 0 87 135
12 1147 0 111 135
13 2 0 112 135
13 856 0 112 135
13 948 0 112 135
13 1289 0 112 135
13 2413 0 112 135
13 5161 0 112 135
14 19 0 113 135
14 672 0 113 135
14 3725 0 113 135
14 3827 0 113 135
14 4408 0 113 135
15 431 0 114 135
15 3814 1 114 135
0 4459 0 115 135
0 5147 0 115 135
1 1108 0 123 135
1 1672 0 123 135
2 0 0 124 135
2 664 0 124 135
3 4394 0 70 136
3 4529 0 70 136
4 3914 0 71 136
5 3582 0 72 136
5 4010 0 72 136
6 3310 0 73 136
7 2941 0 74 136
7 3452 0 74 136
8 2655 0 75 136
9 2295 0 76 136
9 2904 0 76 136
10 2859 0 78 136
10 3550 0 78 136
11 2635 0 79 136
12 2083 0 80 136
12 3005 0 80 136
13 2000 0 81 136
14 1392 0 82 136
14 2505 0 82 136
15 1197 0 83 136
15 1391 0 83 136
15 5266 1 -1 -1
0 1196 0 84 136
1 2715 0 109 136
1 4356 0 109 136
2 1721 0 110 136
2 1923 0 110 136
2 2813 0 110 136
2 3106 0 110 136
2 3192 0 110 136
2 3887 0 110 136
3 702 0 111 136
3 1317 0 111 136
3 1969 0 111 136
3 2573 0 111 136
4 2234 0 112 136
5 94 0 117 136
6 198 0 118 136
7 1320 0 123 136
7 1920 0 123 136
7 2560 0 123 136
7 3281 0 123 136
8 5207 0 68 137
9 4507 0 69 137
9 5263 0 69 137
10 5028 0 70 137
11 4630 0 73 137
11 5123 0 73 137
12 4474 0 74 137
13 3924 0 75 137
13 4919 0 75 137
14 3625 0 76 137
14 3958 0 76 137
15 3275 1 77 137
0 3769 0 78 137
1 1630 0 94 137
2 701 0 95 137
2 1671 0 95 137
3 239 0 96 137
3 766 0 96 137
4 37 0 97 137
5 4455 0 107 137
5 5191 0 107 137
6 3539 0 108 137
6 3820 0 108 137
6 4591 0 108 137
7 2848 0 109 137
7 3223 0 109 137
7 4013 0 109 137
7 4400 0 109 137
7 5040 0 109 137
8 1460 0 116 137
8 1968 0 116 137
9 555 0 117 137
9 651 0 117 137
9 1359 0 117 137
10 678 0 120 137
10 1695 0 120 137
11 3 0 121 137
11 938 0 121 137
12 4509 0 122 137
12 5053 0 122 137
13 3315 0 123 137
13 3817 0 123 137
13 4480 0 123 137
14 926 0 71 138
15 772 0 72 138
15 5266 1 -1 -1
0 125 0 73 138
1 124 0 74 138
2 480 0 75 138
3 482 0 87 138
3 773 0 87 138
4 75 0 88 138
5 253 0 89 138
6 2626 0 91 138
6 3746 0 91 138
7 2163 0 92 138
7 2689 0 92 138
8 1090 0 93 138
8 1840 0 93 138
8 1964 0 93 138
9 265 0 94 138
9 819 0 94 138
9 1368 0 94 138
10 42 0 95 138
10 711 0 95 138
10 1743 0 95 138
11 261 0 96 138
11 791 0 96 138
12 39 0 97 138
13 5243 0 107 138
14 2981 0 115 138
14 3205 0 115 138
14 3916 0 115 138
15 2189 0 116 138
15 2583 0 116 138
15 5266 1 -1 -1
0 2824 0 119 138
1 1322 0 120 138
1 1926 0 120 138
1 2649 0 120 138
2 471 0 135 138
3 3173 0 65 139
4 2073 0 66 139
4 3172 0 66 139
5 2042 0 67 139
6 1567 0 68 139
6 2352 0 68 139
7 1418 0 69 139
8 1117 0 70 139
8 1566 0 70 139
9 1076 0 71 139
10 2010 0 83 139
11 1496 0 84 139
11 2250 0 84 139
12 1352 0 85 139
13 625 0 86 139
13 720 0 86 139
13 1855 0 86 139
14 533 0 87 139
14 1256 0 87 139
14 4642 0 87 139
15 4161 0 88 139
15 4465 0 88 139
15 5266 1 -1 -1
0 3747 0 89 139
0 3848 0 89 139
1 2112 0 90 139
1 3226 0 90 139
2 1704 0 91 139
2 2003 0 91 139
2 3056 0 91 139
2 3649 0 91 139
3 1337 0 92 139
3 2182 0 92 139
3 2703 0 92 139
4 792 0 93 139
4 1781 0 93 139
4 1865 0 93 139
4 1967 0 93 139
5 1326 0 94 139
6 1906 0 95 139
7 4423 0 114 139
7 5175 0 114 139
8 3979 0 115 139
8 4860 0 115 139
9 3010 0 119 139
9 3198 0 119 139
9 3823 0 119 139
9 4457 0 119 139
10 18 0 135 139
10 641 0 135 139
10 1528 0 135 139
11 4091 0 60 140
12 3513 0 61 140
12 4169 0 61 140
13 3325 0 62 140
14 3043 0 63 140
14 3437 0 63 140
15 2719 0 64 140
15 5266 1 -1 -1
0 2718 0 65 140
1 3349 0 79 140
1 4329 0 79 140
2 3266 0 80 140
3 2630 0 81 140
4 2354 0 82 140
4 2694 0 82 140
5 975 0 83 140
5 1772 0 83 140
5 2434 0 83 140
6 707 0 84 140
7 189 0 85 140
7 1051 0 85 140
8 99 0 86 140
9 3408 0 87 140
9 4104 0 87 140
9 4872 0 87 140
9 5052 0 87 140
10 3152 0 88 140
10 3257 0 88 140
10 4182 0 88 140
10 4921 0 88 140
11 2601 0 89 140
11 3776 0 89 140
11 3855 0 89 140
12 2456 0 90 140
12 2939 0 90 140
12 3228 0 90 140
13 2704 0 91 140
13 3580 0 91 140
14 77 0 110 140
14 809 0 110 140
15 128 0 111 140
15 5266 1 -1 -1
0 4889 0 118 140
0 5133 0 118 140
1 4743 0 119 140
2 1333 0 135 140
2 2313 0 135 140
3 1952 0 136 140
3 2641 0 136 140
4 5194 0 56 141
5 4566 0 57 141
5 5246 0 57 141
6 4539 0 58 141
7 4092 0 59 141
7 4841 0 59 141
8 4170 0 60 141
9 349 0 75 141
9 1276 0 75 141
9 5247 0 75 141
10 116 0 76 141
10 4498 0 76 141
10 5195 0 76 141
11 307 0 77 141
11 4290 0 77 141
11 4497 0 77 141
12 3872 0 78 141
13 2541 0 79 141
13 3050 0 79 141
13 4242 0 79 141
14 1993 0 80 141
15 1734 0 81 141
15 2079 1 81 141
0 1374 0 82 141
1 1692 0 83 141
2 4924 0 84 141
2 5156 0 84 141
3 4436 0 85 141
4 3898 0 86 141
4 4816 0 86 141
5 4308 0 87 141
5 4551 0 87 141
5 5142 0 87 141
6 4526 0 88 141
7 498 0 95 141
7 1060 0 95 141
8 36 0 96 141
9 456 0 97 141
10 259 0 100 141
11 2223 0 108 141
12 1013 0 109 141
12 1291 0 109 141
12 2439 0 109 141
13 832 0 110 141
14 301 0 120 141
15 300 0 121 141
15 5266 1 -1 -1
0 2673 0 136 141
0 3194 0 136 141
0 3849 0 136 141
1 4364 0 137 141
2 1583 0 71 142
3 1431 0 72 142
4 877 0 73 142
4 1826 0 73 142
5 759 0 74 142
6 1089 0 75 142
7 3378 0 76 142
7 4214 0 76 142
8 3286 0 77 142
9 2678 0 78 142
9 3711 0 78 142
10 312 0 79 142
10 2726 0 79 142
11 267 0 80 142
12 1347 0 93 142
13 843 0 94 142
13 1512 0 94 142
14 794 0 95 142
15 1904 0 97 142
15 5266 1 -1 -1
0 667 0 98 142
1 48 0 99 142
1 1086 0 99 142
2 628 0 100 142
3 2631 0 107 142
3 3440 0 107 142
4 1977 0 108 142
4 2695 0 108 142
5 132 0 120 142
5 642 0 120 142
5 1540 0 120 142
6 4201 0 137 142
6 4401 0 137 142
6 5063 0 137 142
7 2901 0 67 143
8 2454 0 68 143
8 2790 0 68 143
9 2035 0 69 143
10 2057 0 70 143
11 1703 0 71 143
12 5013 0 72 143
12 5110 0 72 143
13 4485 0 73 143
14 4250 0 74 143
14 4546 0 74 143
15 193 0 75 143
15 1273 0 75 143
15 3879 1 75 143
0 135 0 76 143
0 988 0 76 143
0 1661 0 76 143
0 4378 0 76 143
1 419 0 77 143
1 761 0 77 143
2 375 0 78 143
2 944 0 78 143
3 423 0 79 143
4 2942 0 90 143
5 2332 0 91 143
5 2657 0 91 143
6 1962 0 92 143
7 1919 0 93 143
7 2459 0 93 143
8 2402 0 95 143
9 1693 0 96 143
9 1978 0 96 143
10 1324 0 97 143
11 4846 0 105 143
12 3543 0 106 143
12 3822 0 106 143
12 4738 0 106 143
13 3319 0 107 143
14 160 0 113 143
15 410 1 114 143
0 1984 0 119 143
0 3183 0 119 143
1 1336 0 120 143
1 2082 0 120 143
2 4185 0 63 144
3 3489 0 64 144
3 4220 0 64 144
4 3322 0 65 144
5 2977 0 66 144
5 3526 0 66 144
6 2938 0 67 144
7 1740 0 71 144
8 1274 0 72 144
8 1427 0 72 144
8 2296 0 72 144
9 789 0 73 144
9 2036 0 73 144
10 788 0 74 144
10 1586 0 74 144
10 2329 0 74 144
11 1202 0 75 144
11 1398 0 75 144
12 3885 0 88 144
13 3240 0 89 144
14 2905 0 90 144
14 3492 0 90 144
15 3552 0 93 144
15 5266 1 -1 -1
0 2636 0 94 144
0 3521 0 94 144
1 2261 0 95 144
1 2701 0 95 144
2 4461 0 105 144
2 5097 0 105 144
3 1014 0 112 144
3 1771 0 112 144
4 159 0 113 144
4 671 0 113 144
5 2571 0 119 144
5 3225 0 119 144
6 5261 0 59 145
7 4603 0 60 145
7 5205 0 60 145
8 4552 0 61 145
9 4103 0 62 145
9 4814 0 62 145
10 4072 0 63 145
11 2291 0 68 145
11 3054 0 68 145
12 2031 0 69 145
12 3359 0 69 145
13 1778 0 70 145
13 2181 0 70 145
13 2762 0 70 145
13 3728 0 70 145
14 1581 0 71 145
14 2685 0 71 145
15 2410 0 72 145
15 3016 0 72 145
15 5266 1 -1 -1
0 490 0 80 145
1 584 0 81 145
2 339 0 84 145
3 221 0 85 145
4 4581 0 86 145
4 5170 0 86 145
5 4259 0 87 145
5 4464 0 87 145
6 4190 0 88 145
7 4701 0 91 145
8 3844 0 92 145
8 5023 0 92 145
9 3288 0 93 145
9 4303 0 93 145
10 2225 0 111 145
11 1315 0 112 145
11 2106 0 112 145
12 3973 0 118 145
12 4450 0 118 145
13 3549 0 119 145
13 3908 0 119 145
14 284 0 130 145
15 227 0 137 145
15 5266 1 -1 -1
0 40 0 139 145
1 3682 0 64 146
2 3332 0 65 146
2 4925 0 65 146
3 2826 0 66 146
3 3681 0 66 146
3 4035 0 66 146
3 4858 0 66 146
4 2683 0 67 146
4 3915 0 67 146
5 3096 0 68 146
5 3360 0 68 146
5 4352 0 68 146
6 3729 0 69 146
7 754 0 78 146
8 133 0 79 146
8 1266 0 79 146
9 192 0 80 146
10 722 0 82 146
11 489 0 83 146
11 813 0 83 146
12 297 0 84 146
13 4850 0 90 146
13 5128 0 90 146
14 4487 0 91 146
15 28 1 99 146
0 537 0 100 146
1 56 0 109 146
2 3177 0 110 146
2 3622 0 110 146
3 2138 0 111 146
3 2570 0 111 146
4 4629 0 118 146
4 5122 0 118 146
5 119 0 130 146
6 283 0 131 146
6 697 0 131 146
7 51 0 137 146
7 728 0 137 146
8 1092 0 138 146
9 262 0 139 146
9 757 0 139 146
10 726 0 140 146
10 1908 0 140 146
11 4705 0 61 147
12 3959 0 62 147
12 4965 0 62 147
13 3943 0 63 147
14 3447 0 64 147
14 4386 0 64 147
14 4606 0 64 147
14 5167 0 64 147
15 4605 0 65 147
15 5266 1 -1 -1
0 1508 0 75 147
1 1393 0 76 147
2 755 0 77 147
3 1267 0 78 147
4 2254 0 79 147
5 1386 0 80 147
5 2542 0 80 147
6 1195 0 81 147
6 1385 0 81 147
7 936 0 97 147
7 1737 0 97 147
8 538 0 98 147
8 675 0 98 147
9 583 0 99 147
10 687 0 108 147
11 184 0 109 147
11 1001 0 109 147
11 4248 0 109 147
12 3215 0 110 147
12 3877 0 110 147
13 801 0 131 147
13 1309 0 131 147
14 905 0 138 147
14 1296 0 138 147
15 1306 0 140 147
15 2109 1 140 147
0 4966 0 59 148
0 5138 0 59 148
1 4550 0 60 148
2 4851 0 61 148
3 2507 0 72 148
3 3007 0 72 148
4 2030 0 73 148
5 1902 0 74 148
5 2029 0 74 148
6 1776 0 75 148
7 2646 0 77 148
8 2049 0 78 148
8 3093 0 78 148
9 2227 0 79 148
10 251 0 81 148
11 2447 0 95 148
12 1403 0 96 148
12 2141 0 96 148
13 1471 0 97 148
14 351 0 102 148
15 588 0 103 148
15 5266 1 -1 -1
0 114 0 104 148
1 1370 0 107 148
1 2344 0 107 148
2 1111 0 108 148
2 1399 0 108 148
3 4174 0 109 148
3 4402 0 109 148
3 5104 0 109 148
4 1845 0 131 148
4 1921 0 131 148
4 2883 0 131 148
5 478 0 133 148
6 523 0 134 148
7 315 0 138 148
7 1930 0 138 148
7 3060 0 138 148
8 2940 0 139 148
9 582 0 140 148
9 2292 0 140 148
10 2088 0 141 148
10 2598 0 141 148
11 3771 0 69 149
12 3094 0 70 149
12 3354 0 70 149
13 2681 0 71 149
14 2860 0 72 149
15 3484 0 74 149
15 5266 1 -1 -1
0 3274 0 75 149
1 2758 0 76 149
1 3623 0 76 149
2 1253 0 78 149
3 576 0 79 149
3 770 0 79 149
4 97 0 80 149
5 479 0 81 149
6 2634 0 94 149
7 1994 0 95 149
7 3004 0 95 149
8 104 0 101 149
8 841 0 101 149
9 350 0 102 149
9 940 0 102 149
10 115 0 103 149
10 816 0 103 149
11 2214 0 106 149
11 2691 0 106 149
12 1988 0 107 149
13 17 0 118 149
14 16 0 128 149
15 2588 0 131 149
15 3263 1 131 149
0 23 0 134 149
0 859 0 134 149
1 69 0 138 149
2 499 0 139 149
2 795 0 139 149
2 2610 0 139 149
2 3250 0 139 149
3 25 0 140 149
4 303 0 141 149
4 448 0 141 149
4 1049 0 141 149
4 2864 0 141 149
4 3239 0 141 149
5 83 0 142 149
5 3488 0 142 149
5 4346 0 142 149
6 384 0 54 150
7 236 0 55 150
8 201 0 56 150
9 460 0 57 150
10 3941 0 67 150
11 3678 0 68 150
11 3975 0 68 150
12 3355 0 69 150
13 5016 0 71 150
14 4299 0 72 150
14 4547 0 72 150
15 3894 1 73 150
0 4096 0 74 150
1 1687 0 76 150
2 1150 0 77 150
2 1444 0 77 150
3 771 0 78 150
4 3548 0 92 150
5 3182 0 93 150
5 3224 0 93 150
6 2897 0 94 150
7 1617 0 99 150
8 698 0 100 150
8 1584 0 100 150
9 1278 0 101 150
9 1428 0 101 150
10 904 0 102 150
10 1474 0 102 150
11 3166 0 105 150
11 3229 0 105 150
12 2642 0 106 150
13 78 0 109 150
14 1214 0 117 150
15 457 0 118 150
15 654 0 118 150
15 5266 1 -1 -1
0 550 0 128 150
0 648 0 128 150
0 1914 0 128 150
1 53 0 131 150
1 3343 0 131 150
1 3818 0 131 150
1 4991 0 131 150
2 689 0 134 150
2 1401 0 134 150
3 715 0 139 150
3 1367 0 139 150
3 3451 0 139 150
3 3856 0 139 150
4 4186 0 140 150
4 4892 0 140 150
5 668 0 141 150
5 1539 0 141 150
6 451 0 142 150
6 655 0 142 150
6 3843 0 142 150
6 4476 0 142 150
7 951 0 51 151
7 1874 0 51 151
8 885 0 52 151
9 845 0 53 151
10 599 0 54 151
10 1131 0 54 151
11 4964 0 64 151
11 5125 0 64 151
12 4522 0 65 151
13 4383 0 66 151
13 4521 0 66 151
14 4382 0 67 151
15 5017 0 70 151
15 5113 0 70 151
15 5266 1 -1 -1
0 4501 0 71 151
1 2133 0 74 151
2 1806 0 75 151
2 2072 0 75 151
3 1534 0 76 151
4 4031 0 91 151
4 4573 0 91 151
5 3880 0 92 151
6 2017 0 98 151
7 1409 0 99 151
7 2367 0 99 151
8 1979 0 100 151
9 1700 0 101 151
9 2146 0 101 151
10 377 0 103 151
11 3850 0 104 151
11 4906 0 104 151
12 3468 0 105 151
12 4164 0 105 151
13 776 0 108 151
14 129 0 109 151
14 1047 0 109 151
15 1288 0 117 151
15 2412 1 117 151
0 14 0 128 151
0 1307 0 128 151
0 2409 0 128 151
1 230 0 131 151
1 686 0 131 151
1 4413 0 131 151
1 5057 0 131 151
2 1371 0 134 151
2 1982 0 134 151
3 1435 0 139 151
3 2372 0 139 151
4 2007 0 140 151
4 4420 0 140 151
4 5160 0 140 151
5 1451 0 141 151
6 1271 0 142 151
6 1574 0 142 151
6 2046 0 142 151
6 4578 0 142 151
7 1293 0 143 151
7 2509 0 143 151
7 5027 0 143 151
7 5146 0 143 151
8 2467 0 47 152
9 1553 0 48 152
9 2517 0 48 152
10 1518 0 49 152
11 1481 0 50 152
12 1873 0 51 152
13 623 0 72 152
13 2662 0 72 152
14 2433 0 73 152
14 2752 0 73 152
15 2351 1 74 152
0 4504 0 90 152
0 5117 0 90 152
1 4918 0 91 152
2 2600 0 97 152
3 2150 0 98 152
3 3150 0 98 152
4 440 0 99 152
4 2597 0 99 152
4 3686 0 99 152
5 2546 0 100 152
5 2863 0 100 152
6 314 0 102 152
6 1059 0 102 152
7 106 0 103 152
7 4534 0 103 152
7 5065 0 103 152
8 4510 0 104 152
9 33 0 106 152
10 1610 0 107 152
11 833 0 108 152
11 1447 0 108 152
12 1940 0 117 152
12 2907 0 117 152
13 571 0 122 152
14 589 0 128 152
14 660 0 128 152
14 1947 0 128 152
14 2903 0 128 152
15 908 0 131 152
15 1327 1 131 152
0 2071 0 134 152
0 2777 0 134 152
1 2751 0 135 152
2 2188 0 140 152
2 2582 0 140 152
3 1992 0 142 152
3 2633 0 142 152
4 426 0 143 152
4 1973 0 143 152
5 54 0 144 152
5 2228 0 144 152
5 3009 0 144 152
6 26 0 147 152
7 335 0 148 152
8 2983 0 44 153
9 2158 0 45 153
10 2157 0 46 153
11 2199 0 47 153
12 3666 0 69 153
13 188 0 70 153
13 3293 0 70 153
14 156 0 71 153
14 3042 0 71 153
14 3375 0 71 153
15 445 0 72 153
15 5266 1 -1 -1
0 516 0 93 153
1 287 0 94 153
2 3724 0 95 153
3 3151 0 96 153
3 3220 0 96 153
4 1145 0 97 153
4 3014 0 97 153
4 4344 0 97 153
5 22 0 98 153
5 3227 0 98 153
5 4181 0 98 153
6 574 0 99 153
6 3685 0 99 153
7 880 0 101 153
7 1706 0 101 153
8 762 0 102 153
9 709 0 105 153
10 302 0 106 153
10 1159 0 106 153
10 2495 0 106 153
11 1501 0 107 153
11 1972 0 107 153
12 2605 0 116 153
12 3411 0 116 153
13 3019 0 117 153
14 13 0 122 153
14 1243 0 122 153
15 1205 0 128 153
15 1305 0 128 153
15 2591 0 128 153
15 3409 0 128 153
15 5266 1 -1 -1
0 1619 0 131 153
0 2297 0 131 153
1 224 0 132 153
1 1985 0 132 153
2 2851 0 135 153
2 3214 0 135 153
3 60 0 136 153
4 2980 0 140 153
4 3339 0 140 153
5 369 0 141 153
5 3290 0 141 153
6 3134 0 142 153
7 2756 0 143 153
7 3246 0 143 153
8 352 0 144 153
8 694 0 144 153
8 2576 0 144 153
8 3487 0 144 153
9 1094 0 145 153
10 659 0 148 153
11 1261 0 149 153
12 3157 0 41 154
12 3530 0 41 154
13 2798 0 42 154
14 2797 0 43 154
15 2949 1 44 154
0 1192 0 67 154
0 4367 0 67 154
0 4691 0 67 154
1 779 0 68 154
1 3903 0 68 154
2 811 0 69 154
2 3999 0 69 154
3 624 0 70 154
4 572 0 92 154
4 895 0 92 154
5 72 0 93 154
6 4221 0 94 154
6 4815 0 94 154
7 3723 0 95 154
7 3847 0 95 154
8 1004 0 96 154
8 1851 0 96 154
8 4748 0 96 154
9 680 0 97 154
9 3866 0 97 154
9 4706 0 97 154
10 1459 0 100 154
10 2331 0 100 154
11 1458 0 101 154
12 1405 0 104 154
13 872 0 105 154
13 1739 0 105 154
14 2224 0 106 154
14 2589 0 106 154
15 3241 0 116 154
15 3930 0 116 154
15 5266 1 -1 -1
0 657 0 122 154
1 1907 0 128 154
1 1938 0 128 154
1 3258 0 128 154
1 3928 0 128 154
2 49 0 132 154
2 937 0 132 154
2 2334 0 132 154
2 2578 0 132 154
3 3616 0 135 154
3 3821 0 135 154
3 4882 0 135 154
4 191 0 136 154
4 1017 0 136 154
5 867 0 137 154
6 67 0 141 154
6 3816 0 141 154
6 4783 0 141 154
7 415 0 142 154
7 1085 0 142 154
8 3441 0 143 154
8 3893 0 143 154
9 3630 0 144 154
9 4062 0 144 154
10 946 0 145 154
10 1328 0 145 154
10 3276 0 145 154
10 3977 0 145 154
11 1260 0 149 154
11 1310 0 149 154
12 3740 0 38 155
12 4043 0 38 155
13 3415 0 39 155
14 3414 0 40 155
15 3693 0 41 155
15 5266 1 -1 -1
0 1691 0 65 155
0 5005 0 65 155
0 5086 0 65 155
1 1449 0 66 155
1 4496 0 66 155
2 1155 0 67 155
2 1611 0 67 155
2 4799 0 67 155
3 615 0 76 155
4 213 0 77 155
5 829 0 91 155
5 1637 0 91 155
6 894 0 92 155
7 4710 0 93 155
7 5155 0 93 155
8 4490 0 94 155
9 1415 0 95 155
10 1381 0 96 155
10 4525 0 96 155
10 5141 0 96 155
11 263 0 98 155
12 304 0 99 155
12 2018 0 99 155
12 3017 0 99 155
13 345 0 100 155
13 2186 0 100 155
14 2107 0 103 155
15 1472 0 104 155
15 2288 0 104 155
15 5266 1 -1 -1
0 3090 0 105 155
0 3218 0 105 155
1 2999 0 106 155
2 4191 0 115 155
2 4445 0 115 155
3 4037 0 116 155
4 1242 0 122 155
4 1311 0 122 155
5 2547 0 128 155
5 2562 0 128 155
5 3960 0 128 155
5 4437 0 128 155
6 677 0 132 155
6 1694 0 132 155
6 3018 0 132 155
6 3212 0 132 155
7 4419 0 135 155
7 5085 0 135 155
8 784 0 137 155
8 1389 0 137 155
9 4460 0 141 155
10 666 0 142 155
10 1860 0 142 155
10 4859 0 142 155
10 5174 0 142 155
11 4336 0 144 155
11 4403 0 144 155
11 5224 0 144 155
12 1548 0 145 155
12 2373 0 145 155
12 3910 0 145 155
12 4702 0 145 155
13 1986 0 146 155
13 4632 0 146 155
14 1856 0 149 155
14 2361 0 149 155
15 1955 0 150 155
15 5266 1 -1 -1
0 4898 0 34 156
1 4610 0 35 156
2 4044 0 36 156
2 4979 0 36 156
3 4017 0 37 156
4 2179 0 63 156
5 2078 0 64 156
6 1731 0 65 156
6 2498 0 65 156
7 364 0 75 156
7 1006 0 75 156
8 148 0 76 156
9 1888 0 89 156
9 2385 0 89 156
10 1340 0 90 156
11 1800 0 91 156
12 1990 0 94 156
13 2098 0 95 156
14 1206 0 96 156
15 41 0 97 156
15 1163 0 97 156
15 5266 1 -1 -1
0 939 0 98 156
0 2638 0 98 156
0 3634 0 98 156
1 112 0 99 156
1 1160 0 99 156
1 2871 0 99 156
2 2862 0 102 156
3 2085 0 103 156
3 2861 0 103 156
4 3846 0 104 156
5 3575 0 105 156
5 4245 0 105 156
6 414 0 106 156
7 4609 0 115 156
7 5034 0 115 156
8 1799 0 122 156
8 1948 0 122 156
9 3199 0 128 156
9 4388 0 128 156
9 4711 0 128 156
9 5159 0 128 156
10 1321 0 132 156
10 2449 0 132 156
10 3732 0 132 156
10 3832 0 132 156
10 4973 0 132 156
11 1388 0 137 156
11 2081 0 137 156
12 1390 0 142 156
13 1452 0 143 156
14 5223 0 144 156
15 2154 0 146 156
15 2611 0 146 156
15 4597 0 146 156
15 5132 0 146 156
15 5266 1 -1 -1
0 3154 0 147 156
1 2493 0 150 156
1 2753 0 150 156
2 2644 0 151 156
3 5043 0 32 157
4 4639 0 33 157
5 4756 0 34 157
6 3176 0 60 157
7 2725 0 61 157
8 2393 0 62 157
8 2856 0 62 157
9 2442 0 63 157
10 897 0 73 157
10 1853 0 73 157
11 768 0 74 157
12 1249 0 75 157
13 2127 0 88 157
13 3124 0 88 157
14 1997 0 89 157
15 2594 1 93 157
0 2485 0 94 157
0 2990 0 94 157
1 1087 0 95 157
2 685 0 96 157
3 1161 0 97 157
3 1655 0 97 157
3 3261 0 97 157
3 4258 0 97 157
4 724 0 98 157
4 3559 0 98 157
5 3578 0 101 157
6 2700 0 102 157
6 3404 0 102 157
7 4500 0 103 157
7 5252 0 103 157
8 4376 0 104 157
8 4499 0 104 157
9 340 0 105 157
10 80 0 106 157
11 2593 0 121 157
12 2346 0 122 157
12 3123 0 122 157
13 3837 0 128 157
13 4853 0 128 157
14 1941 0 132 157
14 4417 0 132 157
14 5173 0 132 157
15 1983 0 137 157
15 3138 0 137 157
15 5266 1 -1 -1
0 2858 0 138 157
1 1899 0 143 157
1 1945 0 143 157
2 2763 0 147 157
2 3260 0 147 157
3 3088 0 151 157
3 3267 0 151 157
4 3479 0 152 157
5 3674 0 58 158
6 3328 0 59 158
7 2857 0 60 158
7 3709 0 60 158
8 1533 0 71 158
9 1417 0 72 158
10 1802 0 73 158
11 2606 0 87 158
12 2886 0 88 158
13 3660 0 91 158
14 3127 0 92 158
14 3232 0 92 158
15 3126 0 93 158
15 5266 1 -1 -1
0 1616 0 94 158
1 1357 0 95 158
2 1579 0 96 158
2 2450 0 96 158
2 3884 0 96 158
2 4752 0 96 158
3 1395 0 97 158
3 4189 0 97 158
4 310 0 99 158
5 4339 0 100 158
6 3321 0 101 158
6 3942 0 101 158
7 5198 0 103 158
8 669 0 105 158
9 2916 0 121 158
9 3230 0 121 158
10 4422 0 128 158
10 5145 0 128 158
11 2574 0 132 158
12 2608 0 138 158
12 3485 0 138 158
13 596 0 142 158
14 2400 0 143 158
14 2786 0 143 158
15 2699 0 144 158
15 5266 1 -1 -1
0 3363 0 147 158
0 4260 0 147 158
1 3900 0 148 158
2 3671 0 152 158
2 3839 0 152 158
3 4375 0 153 158
4 4059 0 56 159
5 3765 0 57 159
5 4004 0 57 159
6 3482 0 58 159
7 2218 0 69 159
8 2041 0 70 159
9 1803 0 71 159
9 2489 0 71 159
10 3537 0 85 159
11 3254 0 86 159
12 3167 0 87 159
13 4054 0 90 159
14 3610 0 91 159
14 3902 0 91 159
15 2147 0 93 159
15 5266 1 -1 -1
0 1745 0 94 159
0 2110 0 94 159
1 2086 0 95 159
1 4453 0 95 159
1 5169 0 95 159
2 2054 0 96 159
2 4927 0 96 159
3 105 0 98 159
3 1280 0 98 159
4 373 0 99 159
5 3976 0 100 159
5 4462 0 100 159
6 47 0 102 159
7 1052 0 104 159
7 1345 0 104 159
8 614 0 107 159
9 3470 0 121 159
9 3858 0 121 159
10 3142 0 132 159
10 3216 0 132 159
11 3237 0 138 159
11 4177 0 138 159
12 21 0 142 159
13 2931 0 144 159
13 3248 0 144 159
14 4036 0 148 159
14 4438 0 148 159
15 4374 0 153 159
15 4414 0 153 159
15 5266 1 -1 -1
0 4571 0 54 160
1 4247 0 55 160
1 4698 0 55 160
2 4246 0 56 160
3 2923 0 67 160
4 2534 0 68 160
4 2716 0 68 160
5 2316 0 69 160
6 3920 0 84 160
7 3659 0 85 160
7 3993 0 85 160
8 4535 0 89 160
9 4285 0 90 160
9 4560 0 90 160
10 2705 0 92 160
11 2230 0 93 160
11 3057 0 93 160
12 2702 0 94 160
13 2510 0 95 160
13 2788 0 95 160
14 729 0 97 160
15 986 1 98 160
0 4596 0 99 160
0 5127 0 99 160
1 5022 0 100 160
2 341 0 101 160
2 815 0 101 160
3 539 0 102 160
4 1736 0 103 160
4 2051 0 103 160
5 1652 0 104 160
6 250 0 106 160
7 147 0 107 160
8 294 0 116 160
9 4124 0 121 160
9 4432 0 121 160
10 411 0 123 160
11 3629 0 132 160
11 4341 0 132 160
12 3854 0 133 160
13 3853 0 138 160
13 4963 0 138 160
14 4807 0 139 160
15 379 0 142 160
15 765 0 142 160
15 5266 1 -1 -1
0 1096 0 143 160
1 3444 0 144 160
1 4301 0 144 160
2 3907 0 145 160
3 4974 0 148 160
4 4669 0 149 160
4 5032 0 149 160
5 5009 0 153 160
5 5092 0 153 160
6 5253 0 52 161
7 4659 0 53 161
7 5199 0 53 161
8 3613 0 65 161
9 2992 0 66 161
9 3433 0 66 161
10 2922 0 67 161
11 4995 0 82 161
12 4447 0 83 161
13 4325 0 84 161
13 4834 0 84 161
14 4836 0 89 161
14 5077 0 89 161
15 3098 0 91 161
15 3357 1 91 161
0 2789 0 92 161
1 3304 0 93 161
2 2934 0 94 161
2 3631 0 94 161
3 1410 0 96 161
4 1058 0 97 161
4 1828 0 97 161
5 868 0 100 161
5 1738 0 100 161
6 976 0 101 161
7 2446 0 102 161
7 2896 0 102 161
8 2025 0 103 161
9 329 0 106 161
9 748 0 106 161
10 29 0 116 161
11 4687 0 121 161
11 5071 0 121 161
12 30 0 123 161
13 4253 0 133 161
13 4426 0 133 161
14 4429 0 139 161
14 5120 0 139 161
15 764 0 143 161
15 1515 0 143 161
15 5266 1 -1 -1
0 4065 0 145 161
0 4456 0 145 161
1 4286 0 63 162
2 3512 0 64 162
2 4129 0 64 162
3 3471 0 65 162
4 273 0 78 162
5 200 0 79 162
6 4835 0 82 162
6 5073 0 82 162
7 3407 0 90 162
7 4101 0 90 162
8 3525 0 91 162
9 3809 0 92 162
9 3911 0 92 162
10 3446 0 93 162
11 1782 0 95 162
11 2152 0 95 162
12 1543 0 96 162
13 1506 0 99 162
14 1453 0 100 162
15 3181 0 101 162
15 3768 0 101 162
15 5266 1 -1 -1
0 2596 0 102 162
1 749 0 105 162
1 1639 0 105 162
2 1184 0 106 162
3 1081 0 115 162
4 703 0 116 162
5 531 0 123 162
5 696 0 123 162
6 4777 0 133 162
6 5131 0 133 162
7 1331 0 143 162
7 2463 0 143 162
8 4628 0 145 162
9 5019 0 146 162
9 5121 0 146 162
10 5002 0 61 163
11 4130 0 62 163
11 4732 0 62 163
12 3995 0 63 163
13 383 0 77 163
13 883 0 77 163
14 382 0 78 163
15 3944 0 89 163
15 4779 1 89 163
0 4183 0 90 163
1 4305 0 91 163
1 4523 0 91 163
2 4069 0 92 163
3 2184 0 94 163
3 3102 0 94 163
4 2151 0 95 163
5 2287 0 98 163
6 1817 0 99 163
6 2052 0 99 163
7 3219 0 101 163
8 338 0 102 163
9 1492 0 104 163
10 1467 0 105 163
11 929 0 115 163
11 1421 0 115 163
12 974 0 122 163
12 1503 0 122 163
13 1121 0 123 163
14 146 0 129 163
15 2462 0 143 163
15 5266 1 -1 -1
0 1963 0 144 163
1 4654 0 60 164
1 5081 0 60 164
2 4561 0 61 164
3 993 0 75 164
4 744 0 76 164
5 4444 0 88 164
5 5230 0 88 164
6 4922 0 89 164
7 4703 0 90 164
7 5135 0 90 164
8 4744 0 91 164
9 2761 0 93 164
10 2760 0 94 164
11 3139 0 97 164
12 2143 0 98 164
12 2787 0 98 164
13 3861 0 100 164
14 163 0 101 164
14 3676 0 101 164
14 4380 0 101 164
15 337 1 102 164
0 1852 0 104 164
0 1971 0 104 164
1 1362 0 115 164
1 2360 0 115 164
2 1341 0 122 164
2 2501 0 122 164
3 63 0 129 164
3 1144 0 129 164
4 292 0 140 164
5 2299 0 144 164
5 2625 0 144 164
6 594 0 160 164
7 454 0 161 164
8 493 0 162 164
9 348 0 163 164
10 1413 0 74 165
11 1589 0 75 165
12 5231 0 87 165
13 3383 0 92 165
14 3015 0 93 165
14 3527 0 93 165
15 2622 0 97 165
15 3624 0 97 165
15 5266 1 -1 -1
0 4549 0 99 165
1 1050 0 100 165
1 4175 0 100 165
1 4805 0 100 165
2 532 0 101 165
2 835 0 101 165
3 2173 0 103 165
3 2714 0 103 165
4 2533 0 104 165
5 2100 0 114 165
6 2137 0 115 165
7 1961 0 122 165
8 272 0 127 165
9 688 0 129 165
10 58 0 140 165
11 2872 0 144 165
12 2947 0 145 165
12 3413 0 145 165
13 86 0 161 165
14 548 0 162 165
15 136 0 163 165
15 5266 1 -1 -1
0 420 0 164 165
0 1275 0 164 165
1 2335 0 72 166
2 1552 0 73 166
2 2300 0 73 166
3 1871 0 74 166
4 4034 0 91 166
5 3382 0 92 166
5 4349 0 92 166
6 3256 0 96 166
7 3715 0 97 166
8 4594 0 99 166
8 5116 0 99 166
9 783 0 100 166
9 1647 0 100 166
10 2921 0 102 166
10 3661 0 102 166
11 2750 0 103 166
12 2391 0 114 166
12 2619 0 114 166
13 2285 0 122 166
13 2677 0 122 166
14 55 0 127 166
15 967 0 129 166
15 1441 0 129 166
15 5266 1 -1 -1
0 524 0 140 166
0 719 0 140 166
1 1252 0 141 166
2 3242 0 145 166
2 4262 0 145 166
3 495 0 162 166
3 740 0 162 166
4 790 0 164 166
5 1057 0 165 166
6 325 0 56 167
7 468 0 57 167
8 2115 0 71 167
8 3156 0 71 167
9 2156 0 72 167
10 4393 0 90 167
10 4751 0 90 167
11 3929 0 91 167
12 3895 0 95 167
13 3716 0 96 167
13 4252 0 96 167
14 1355 0 99 167
15 1897 1 100 167
0 3233 0 102 167
1 2721 0 114 167
1 3439 0 114 167
2 2645 0 122 167
2 3576 0 122 167
3 500 0 127 167
3 716 0 127 167
4 1351 0 129 167
4 2484 0 129 167
5 769 0 141 167
5 1686 0 141 167
6 3948 0 145 167
7 3980 0 146 167
8 376 0 162 167
9 739 0 163 167
9 1746 0 163 167
10 874 0 165 167
10 1742 0 165 167
11 1741 0 166 167
12 359 0 54 168
13 242 0 55 168
14 564 0 56 168
15 3022 0 69 168
15 5266 1 -1 -1
0 2671 0 70 168
1 3064 0 71 168
2 4780 0 89 168
2 5262 0 89 168
3 4491 0 90 168
4 396 0 91 168
5 438 0 92 168
6 4595 0 94 168
7 4143 0 95 168
7 4849 0 95 168
8 2139 0 98 168
9 1733 0 99 168
9 2363 0 99 168
10 3662 0 101 168
10 3871 0 101 168
11 3795 0 102 168
12 3284 0 113 168
12 4373 0 113 168
13 3618 0 114 168
14 3236 0 122 168
15 743 0 127 168
15 1751 1 127 168
0 1970 0 129 168
1 1344 0 141 168
2 4355 0 146 168
2 4431 0 146 168
3 174 0 162 168
4 425 0 163 168
4 1913 0 163 168
5 1358 0 164 168
6 168 0 165 168
7 544 0 166 168
7 1396 0 166 168
8 1779 0 167 168
9 1071 0 52 169
10 891 0 53 169
11 608 0 54 169
11 1139 0 54 169
12 3385 0 68 169
13 2835 0 69 169
13 3738 0 69 169
14 5206 0 89 169
15 472 0 90 169
15 5266 1 -1 -1
0 122 0 91 169
1 5226 0 93 169
2 4517 0 94 169
2 5225 0 94 169
3 3049 0 97 169
4 2011 0 98 169
4 3179 0 98 169
5 4620 0 100 169
6 4056 0 101 169
6 4908 0 101 169
7 3851 0 113 169
8 3970 0 121 169
9 3710 0 122 169
9 4094 0 122 169
10 1343 0 127 169
11 2216 0 129 169
11 2748 0 129 169
12 308 0 134 169
13 1685 0 141 169
13 2024 0 141 169
14 4671 0 146 169
14 5037 0 146 169
15 424 0 163 169
15 907 1 163 169
0 1212 0 164 169
0 1780 0 164 169
1 1827 0 165 169
1 2089 0 165 169
2 102 0 166 169
2 1269 0 166 169
3 1200 0 167 169
3 1864 0 167 169
3 2033 0 167 169
4 2406 0 168 169
5 1795 0 50 170
6 920 0 51 170
6 1841 0 51 170
7 1070 0 52 170
8 4266 0 66 170
9 3313 0 67 170
10 3637 0 68 170
11 1143 0 89 170
12 514 0 90 170
12 804 0 90 170
13 2607 0 97 170
14 4468 0 100 170
14 5080 0 100 170
15 249 0 113 170
15 4210 0 113 170
15 4469 1 113 170
0 4095 0 121 170
0 4516 0 121 170
1 120 0 125 170
2 1588 0 127 170
2 2090 0 127 170
3 2615 0 129 170
3 3790 0 129 170
4 85 0 134 170
5 455 0 137 170
6 2535 0 141 170
7 2008 0 142 170
7 3086 0 142 170
8 700 0 164 170
9 2293 0 165 170
10 2111 0 166 170
10 3149 0 166 170
11 708 0 167 170
12 2087 0 168 170
12 3011 0 168 170
13 3145 0 169 170
14 1842 0 48 171
15 1524 1 49 171
0 1631 0 50 171
1 4015 0 65 171
2 3961 0 66 171
3 1886 0 88 171
4 733 0 89 171
4 1884 0 89 171
5 3092 0 96 171
5 3320 0 96 171
6 3091 0 97 171
7 4542 0 112 171
7 5091 0 112 171
8 74 0 113 171
9 4484 0 121 171
9 5108 0 121 171
10 70 0 125 171
11 1975 0 127 171
12 3253 0 129 171
13 260 0 133 171
14 453 0 134 171
14 818 0 134 171
15 88 0 137 171
15 5266 1 -1 -1
0 2617 0 142 171
1 1281 0 165 171
1 1365 0 165 171
2 2868 0 166 171
3 2791 0 167 171
4 871 0 168 171
4 1614 0 168 171
5 2623 0 169 171
6 3144 0 170 171
7 2166 0 47 172
8 1598 0 48 172
8 2522 0 48 172
9 4978 0 63 172
10 4508 0 64 172
11 4267 0 65 172
11 4896 0 65 172
12 1350 0 88 172
13 3546 0 95 172
13 4249 0 95 172
14 3442 0 96 172
15 474 0 113 172
15 806 1 113 172
0 717 0 125 172
1 2612 0 127 172
2 3429 0 129 172
2 3992 0 129 172
3 93 0 133 172
4 556 0 134 172
4 713 0 134 172
5 313 0 137 172
5 989 0 137 172
6 2852 0 142 172
6 3374 0 142 172
7 296 0 159 172
8 413 0 165 172
8 1829 0 165 172
9 1511 0 166 172
9 2371 0 166 172
10 2827 0 167 172
10 3813 0 167 172
11 1903 0 168 172
11 3490 0 168 172
12 1375 0 169 172
13 3055 0 170 172
13 3306 0 170 172
14 2209 0 45 173
15 2167 0 46 173
15 5266 1 -1 -1
0 5182 0 62 173
1 4557 0 63 173
1 5234 0 63 173
2 610 0 67 173
3 1529 0 87 173
3 2277 0 87 173
4 1885 0 88 173
5 4297 0 94 173
6 3878 0 95 173
7 807 0 112 173
8 1072 0 113 173
9 746 0 125 173
9 1798 0 125 173
10 2736 0 127 173
10 3494 0 127 173
11 3889 0 129 173
11 4877 0 129 173
12 587 0 133 173
13 95 0 134 173
13 545 0 134 173
13 840 0 134 173
13 1277 0 134 173
13 1377 0 134 173
14 627 0 137 173
14 730 0 137 173
15 412 0 142 173
15 3704 0 142 173
15 5266 1 -1 -1
0 3283 0 143 173
1 487 0 159 173
2 158 0 160 173
3 131 0 165 173
4 536 0 166 173
4 2330 0 166 173
5 2113 0 167 173
6 3336 0 168 173
7 1820 0 169 173
7 3556 0 169 173
8 1819 0 170 173
8 2084 0 170 173
9 3305 0 171 173
9 4219 0 171 173
10 2913 0 43 174
11 2804 0 44 174
12 2478 0 45 174
13 361 0 66 174
14 285 0 67 174
15 2021 1 86 174
0 2428 0 87 174
1 4296 0 94 174
1 4473 0 94 174
2 1248 0 112 174
2 1383 0 112 174
3 1369 0 125 174
4 3262 0 127 174
5 4446 0 129 174
6 117 0 134 174
6 710 0 134 174
6 1127 0 134 174
6 1408 0 134 174
6 2455 0 134 174
7 101 0 137 174
7 1023 0 137 174
7 1510 0 137 174
8 100 0 142 174
9 3860 0 143 174
10 409 0 160 174
10 1084 0 160 174
11 1048 0 161 174
12 298 0 166 174
12 1016 0 166 174
13 2231 0 167 174
13 3191 0 167 174
14 2870 0 168 174
15 3812 0 169 174
15 3926 1 169 174
0 2401 0 170 174
0 4256 0 170 174
1 2053 0 171 174
2 3865 0 172 174
3 3163 0 41 175
3 3651 0 41 175
4 2768 0 42 175
5 3078 0 43 175
6 243 0 65 175
6 1235 0 65 175
7 437 0 66 175
8 2481 0 85 175
8 2746 0 85 175
9 2345 0 86 175
10 4661 0 93 175
10 5109 0 93 175
11 4887 0 94 175
12 1382 0 112 175
12 2488 0 112 175
13 1883 0 124 175
13 2314 0 124 175
14 1490 0 125 175
15 3587 0 127 175
15 3917 1 127 175
0 4767 0 129 175
0 5070 0 129 175
1 732 0 134 175
1 1203 0 134 175
1 1406 0 134 175
1 1995 0 134 175
2 111 0 137 175
2 1268 0 137 175
2 1618 0 137 175
3 1587 0 138 175
4 257 0 142 175
4 1015 0 142 175
5 4133 0 143 175
5 4565 0 143 175
6 721 0 161 175
7 1265 0 166 175
8 737 0 167 175
9 2735 0 168 175
10 2979 0 169 175
11 4073 0 170 175
11 4709 0 170 175
12 2544 0 171 175
12 3008 0 171 175
12 4972 0 171 175
13 2729 0 172 175
13 4343 0 172 175
14 4387 0 173 175
14 4475 0 173 175
15 3652 0 39 176
15 5266 1 -1 -1
0 3420 0 40 176
1 3602 0 41 176
2 1109 0 63 176
3 827 0 64 176
4 1234 0 65 176
5 2747 0 84 176
6 2962 0 85 176
7 2022 0 111 176
8 2487 0 112 176
9 1987 0 124 176
10 3950 0 127 176
10 4754 0 127 176
11 796 0 134 176
11 1376 0 134 176
11 1749 0 134 176
11 2149 0 134 176
11 3190 0 134 176
12 2978 0 135 176
13 1056 0 137 176
14 870 0 138 176
14 1783 0 138 176
14 2061 0 138 176
15 814 0 142 176
15 5266 1 -1 -1
0 1158 0 143 176
0 4883 0 143 176
1 4513 0 144 176
1 5245 0 144 176
2 1120 0 162 176
2 1470 0 162 176
3 1123 0 167 176
4 1122 0 168 176
4 1577 0 168 176
5 3104 0 169 176
5 3362 0 169 176
6 3730 0 170 176
7 4451 0 171 176
8 2933 0 172 176
9 2932 0 173 176
9 3628 0 173 176
9 4968 0 173 176
10 4598 0 174 176
10 5140 0 174 176
11 4321 0 37 177
12 3749 0 38 177
12 4085 0 38 177
13 3535 0 39 177
14 1036 0 62 177
14 1846 0 62 177
15 964 1 63 177
0 3426 0 83 177
1 3122 0 84 177
1 3536 0 84 177
2 212 0 109 177
3 2068 0 111 177
3 2991 0 111 177
4 2245 0 124 177
4 2845 0 124 177
5 4454 0 127 177
6 1379 0 134 177
6 2002 0 134 177
7 2654 0 135 177
8 786 0 138 177
8 1862 0 138 177
8 2005 0 138 177
9 935 0 143 177
9 1649 0 143 177
10 5193 0 144 177
11 1612 0 162 177
12 1573 0 163 177
13 1651 0 168 177
14 1576 0 169 177
15 3311 0 170 177
15 4312 1 170 177
0 5154 0 172 177
1 3520 0 173 177
2 3445 0 174 177
3 4022 0 36 178
4 4086 0 37 178
5 1466 0 61 178
6 1763 0 62 178
7 3608 0 82 178
7 4283 0 82 178
8 3425 0 83 178
9 108 0 109 178
10 2643 0 111 178
11 2628 0 124 178
12 4820 0 127 178
12 5039 0 127 178
13 1461 0 134 178
13 2032 0 134 178
13 2460 0 134 178
13 3143 0 134 178
14 2411 0 135 178
14 2902 0 135 178
14 3450 0 135 178
15 1394 0 138 178
15 2554 0 138 178
15 2656 0 138 178
15 5266 1 -1 -1
0 1387 0 143 178
1 1815 0 163 178
1 2105 0 163 178
2 2499 0 164 178
3 1650 0 169 178
3 2397 0 169 178
4 2322 0 170 178
5 3883 0 171 178
6 3486 0 174 178
6 4384 0 174 178
7 4068 0 175 178
8 4724 0 34 179
9 4645 0 35 179
10 4990 0 36 179
11 1882 0 59 179
11 2479 0 59 179
12 1440 0 60 179
13 4123 0 81 179
14 3965 0 82 179
15 924 1 108 179
0 399 0 109 179
1 2847 0 110 179
1 3511 0 110 179
2 3169 0 111 179
3 2989 0 124 179
3 3372 0 124 179
4 428 0 132 179
5 2651 0 134 179
6 1996 0 135 179
6 3278 0 135 179
7 1424 0 138 179
7 2508 0 138 179
7 2686 0 138 179
7 3780 0 138 179
8 1575 0 143 179
8 2256 0 143 179
9 1999 0 164 179
10 2050 0 170 179
11 2445 0 171 179
11 4257 0 171 179
12 4311 0 172 179
12 4608 0 172 179
13 4008 0 175 179
14 4147 0 176 179
15 5055 0 32 180
15 5266 1 -1 -1
0 4614 0 33 180
1 4941 0 34 180
2 2276 0 58 180
3 2212 0 59 180
4 4832 0 80 180
5 4165 0 81 180
5 4766 0 81 180
6 747 0 108 180
7 3272 0 110 180
8 3270 0 124 180
9 118 0 132 180
10 2731 0 134 180
10 3684 0 134 180
11 2155 0 135 180
11 2944 0 135 180
11 3689 0 135 180
11 3947 0 135 180
12 2013 0 138 180
12 3558 0 138 180
13 3454 0 139 180
14 2444 0 143 180
15 2080 1 144 180
0 613 0 155 180
1 2540 0 164 180
1 3047 0 164 180
2 2782 0 165 180
3 2365 0 171 180
3 2785 0 171 180
4 4818 0 172 180
5 4580 0 173 180
6 4575 0 176 180
7 4808 0 177 180
8 2213 0 57 181
8 3079 0 57 181
9 2343 0 58 181
10 4947 0 79 181
11 4495 0 80 181
12 968 0 108 181
12 1636 0 108 181
13 4326 0 109 181
14 3570 0 110 181
14 4055 0 110 181
15 3751 0 124 181
15 3901 1 124 181
0 157 0 128 181
1 141 0 132 181
1 1170 0 132 181
2 3683 0 134 181
3 2639 0 135 181
3 3333 0 135 181
3 3946 0 135 181
3 4890 0 135 181
4 2326 0 138 181
5 2260 0 139 181
5 3141 0 139 181
5 3361 0 139 181
5 4223 0 139 181
6 2255 0 144 181
6 2895 0 144 181
7 328 0 155 181
8 401 0 156 181
9 2755 0 165 181
10 3001 0 166 181
11 3180 0 171 181
12 2667 0 172 181
13 5030 0 173 181
13 5168 0 173 181
14 4574 0 177 181
14 5258 0 177 181
15 5202 1 178 181
0 3034 0 55 182
1 2744 0 56 182
2 558 0 69 182
3 597 0 70 182
4 4946 0 79 182
4 5068 0 79 182
5 1414 0 107 182
6 1887 0 108 182
7 3890 0 109 182
7 5001 0 109 182
8 3963 0 124 182
8 4831 0 124 182
9 130 0 128 182
10 763 0 132 182
11 2829 0 135 182
11 3448 0 135 182
11 3529 0 135 182
11 4148 0 135 182
11 4478 0 135 182
12 2648 0 139 182
12 3899 0 139 182
13 2647 0 144 182
14 123 0 156 182
15 3285 1 166 182
0 3053 0 172 182
1 3353 0 173 182
2 2988 0 54 183
2 3701 0 54 183
3 2884 0 55 183
4 559 0 68 183
5 199 0 69 183
6 1530 0 107 183
6 2347 0 107 183
7 4482 0 109 183
8 4467 0 124 183
9 446 0 128 183
9 934 0 128 183
10 742 0 132 183
11 3280 0 135 183
11 3897 0 135 183
11 4668 0 135 183
11 5153 0 135 183
12 2728 0 139 183
12 3718 0 139 183
12 4188 0 139 183
12 4607 0 139 183
13 2930 0 144 183
13 3807 0 144 183
14 3517 0 145 183
15 518 0 156 183
15 1114 0 156 183
15 5266 1 -1 -1
0 1005 0 157 183
1 3766 0 166 183
2 3352 0 167 183
2 4334 0 167 183
3 3519 0 173 183
4 3518 0 174 183
5 3370 0 53 184
6 3654 0 54 184
7 459 0 67 184
8 235 0 68 184
9 2315 0 106 184
10 2172 0 107 184
11 5079 0 108 184
12 4537 0 109 184
13 4685 0 124 184
13 5064 0 124 184
14 780 0 128 184
15 1215 0 132 184
15 1436 0 132 184
15 5266 1 -1 -1
0 3493 0 135 184
0 4075 0 135 184
0 4255 0 135 184
0 4577 0 135 184
1 3302 0 139 184
1 4492 0 139 184
2 3300 0 145 184
3 767 0 157 184
4 4060 0 167 184
5 4141 0 168 184
6 3714 0 174 184
6 4064 0 174 184
7 4217 0 175 184
8 3789 0 51 185
8 4281 0 51 185
9 3371 0 52 185
10 1098 0 66 185
11 560 0 67 185
11 991 0 67 185
12 2126 0 106 185
12 3037 0 106 185
13 933 0 128 185
13 1732 0 128 185
14 1412 0 132 185
15 3886 0 135 185
15 4489 1 135 185
0 3356 0 139 185
0 4302 0 139 185
0 4926 0 139 185
0 5209 0 139 185
1 5265 0 140 185
2 3547 0 145 185
2 4063 0 145 185
3 1041 0 157 185
4 1247 0 158 185
4 1604 0 158 185
5 4030 0 168 185
5 4774 0 168 185
6 3939 0 175 185
6 5018 0 175 185
7 4962 0 176 185
8 4120 0 50 186
9 4051 0 51 186
10 1024 0 65 186
11 950 0 66 186
12 2674 0 106 186
13 458 0 117 186
14 430 0 118 186
15 1422 0 128 186
15 5266 1 -1 -1
0 1709 0 132 186
0 2461 0 132 186
1 2233 0 133 186
2 4261 0 135 186
2 4784 0 135 186
2 4967 0 135 186
2 5139 0 135 186
3 4753 0 136 186
4 4146 0 139 186
5 4067 0 140 186
6 566 0 144 186
7 3938 0 145 186
8 4300 0 146 186
9 1416 0 158 186
10 4483 0 169 186
11 289 0 172 186
12 4503 0 176 186
13 4235 0 49 187
13 4726 0 49 187
14 4198 0 50 187
15 1663 0 64 187
15 5266 1 -1 -1
0 992 0 65 187
1 2811 0 105 187
1 3755 0 105 187
2 3083 0 106 187
3 142 0 117 187
4 1450 0 128 187
4 2539 0 128 187
5 2038 0 133 187
6 4479 0 136 187
7 4066 0 140 187
7 4742 0 140 187
8 145 0 144 187
9 4338 0 146 187
9 4548 0 146 187
10 1766 0 158 187
11 1680 0 159 187
11 2386 0 159 187
12 4803 0 169 187
13 4959 0 170 187
13 5103 0 170 187
14 520 0 172 187
15 248 1 173 187
0 4961 0 176 187
1 4627 0 177 187
1 5115 0 177 187
2 570 0 179 187
3 4874 0 47 188
4 4587 0 48 188
5 1622 0 63 188
6 1621 0 64 188
7 3317 0 105 188
8 233 0 117 188
8 1129 0 117 188
9 2045 0 128 188
10 2232 0 133 188
10 2946 0 133 188
11 4929 0 136 188
11 5033 0 136 188
12 4505 0 140 188
13 179 0 144 188
14 4502 0 146 188
15 2040 1 159 188
0 363 0 173 188
1 519 0 174 188
1 1146 0 174 188
2 286 0 179 188
3 515 0 180 188
4 5060 0 46 189
5 4727 0 47 189
6 1623 0 62 189
6 2465 0 62 189
7 1712 0 63 189
8 3756 0 104 189
9 3347 0 105 189
10 797 0 117 189
11 2044 0 128 189
12 2670 0 133 189
13 4741 0 140 189
13 5126 0 140 189
14 511 0 144 189
15 565 0 145 189
15 963 1 145 189
0 4960 0 146 189
0 5114 0 146 189
1 2432 0 159 189
2 2129 0 160 189
3 896 0 174 189
4 1183 0 175 189
5 185 0 180 189
6 2197 0 61 190
7 2378 0 62 190
8 3919 0 104 190
9 822 0 117 190
10 2443 0 128 190
10 2781 0 128 190
11 2764 0 133 190
11 3690 0 133 190
12 800 0 145 190
13 2693 0 160 190
14 805 0 175 190
15 398 0 181 190
15 1002 1 181 190
0 2114 0 60 191
1 2416 0 61 191
2 3954 0 104 191
2 4949 0 104 191
3 1097 0 117 191
3 1551 0 117 191
4 2697 0 128 191
5 3323 0 133 191
6 850 0 145 191
6 1880 0 145 191
7 3128 0 160 191
8 2749 0 161 191
9 1182 0 175 191
10 1181 0 176 191
10 1564 0 176 191
11 1241 0 181 191
12 855 0 182 191
13 2516 0 59 192
13 2796 0 59 192
14 2466 0 60 192
15 4729 0 103 192
15 5266 1 -1 -1
0 4768 0 104 192
1 1478 0 116 192
2 1830 0 117 192
3 2928 0 128 192
3 3545 0 128 192
4 3312 0 133 192
5 1486 0 145 192
6 1844 0 146 192
7 3038 0 161 192
7 3432 0 161 192
8 1681 0 176 192
9 1638 0 177 192
10 1113 0 182 192
11 966 0 183 192
12 2737 0 58 193
13 3107 0 59 193
14 4512 0 103 193
15 1516 0 116 193
15 2464 0 116 193
15 5266 1 -1 -1
0 3329 0 128 193
1 3932 0 133 193
2 1464 0 146 193
3 395 0 154 193
4 611 0 155 193
5 3793 0 161 193
6 3348 0 162 193
7 1532 0 177 193
8 2486 0 178 193
9 1240 0 183 193
9 1720 0 183 193
10 1635 0 184 193
11 2875 0 57 194
11 3590 0 57 194
12 5072 0 103 194
13 2063 0 116 194
14 3400 0 128 194
14 4295 0 128 194
15 3931 0 133 194
15 4975 1 133 194
0 1674 0 146 194
0 2275 0 146 194
1 210 0 155 194
2 3510 0 162 194
2 4168 0 162 194
3 2067 0 178 194
4 1602 0 184 194
5 1765 0 185 194
6 3736 0 55 195
7 3364 0 56 195
8 394 0 113 195
9 2062 0 116 195
10 3936 0 128 195
11 4531 0 133 195
12 2065 0 146 195
13 209 0 155 195
14 3933 0 163 195
15 2532 1 178 195
0 2099 0 179 195
1 1601 0 185 195
1 2483 0 185 195
2 2430 0 186 195
3 3737 0 54 196
4 3384 0 55 196
5 206 0 113 196
6 2377 0 116 196
6 2833 0 116 196
7 4005 0 128 196
7 4916 0 128 196
8 4530 0 133 196
9 2274 0 146 196
10 2342 0 147 196
11 397 0 148 196
12 513 0 155 196
12 1237 0 155 196
13 965 0 156 196
14 4089 0 163 196
14 4837 0 163 196
15 4999 0 164 196
15 5266 1 -1 -1
0 2387 0 179 196
0 3168 0 179 196
1 2920 0 180 196
2 2096 0 186 196
3 4225 0 53 197
4 4014 0 54 197
5 205 0 113 197
6 3063 0 115 197
7 2832 0 116 197
8 4544 0 128 197
9 4895 0 133 197
9 5036 0 133 197
10 2712 0 147 197
11 326 0 148 197
12 569 0 149 197
13 852 0 156 197
14 4536 0 164 197
15 2812 1 180 197
0 3085 0 181 197
1 2095 0 187 197
2 4226 0 52 198
3 4042 0 53 198
4 1232 0 112 198
5 469 0 113 198
5 1032 0 113 198
6 2765 0 115 198
6 3734 0 115 198
7 4543 0 128 198
8 2711 0 147 198
9 211 0 149 198
10 921 0 156 198
11 1179 0 157 198
12 4590 0 164 198
13 5219 0 165 198
14 2774 0 181 198
14 3757 0 181 198
15 2482 0 187 198
15 5266 1 -1 -1
0 2529 0 188 198
0 2810 0 188 198
1 4821 0 51 199
2 4358 0 52 199
2 4716 0 52 199
3 849 0 112 199
4 3341 0 115 199
5 5011 0 128 199
5 5102 0 128 199
6 2959 0 147 199
6 3567 0 147 199
7 439 0 149 199
7 1039 0 149 199
8 1236 0 157 199
8 1489 0 157 199
9 5218 0 165 199
10 3794 0 181 199
11 3373 0 182 199
12 3036 0 188 199
13 2885 0 189 199
14 4787 0 50 200
15 4755 1 51 200
0 848 0 112 200
1 3340 0 115 200
2 3700 0 147 200
3 3421 0 148 200
4 854 0 149 200
5 1488 0 157 200
6 3612 0 182 200
7 3538 0 183 200
8 2963 0 189 200
9 3035 0 190 200
9 3754 0 190 200
10 5181 0 49 201
11 4786 0 50 201
11 5233 0 50 201
12 1140 0 112 201
12 1599 0 112 201
13 3636 0 115 201
13 4076 0 115 201
14 3368 0 148 201
15 1180 1 149 201
0 923 0 150 201
1 1797 0 157 201
2 1634 0 158 201
2 2526 0 158 201
3 3611 0 183 201
3 4237 0 183 201
4 4236 0 184 201
5 3469 0 190 201
6 3658 0 191 201
7 1485 0 112 202
8 3949 0 115 202
9 246 0 124 202
10 3787 0 148 202
10 3962 0 148 202
11 1112 0 150 202
11 1679 0 150 202
12 2094 0 158 202
13 3955 0 184 202
14 3428 0 191 202
15 3753 1 192 202
0 1632 0 111 203
1 1761 0 112 203
2 4224 0 114 203
2 4785 0 114 203
3 4264 0 115 203
4 245 0 124 203
5 427 0 147 203
6 595 0 148 203
6 3988 0 148 203
7 4322 0 149 203
8 1491 0 150 203
9 2244 0 158 203
10 2426 0 159 203
11 4128 0 185 203
11 4797 0 185 203
12 3609 0 192 203
12 4088 0 192 203
13 1843 0 111 204
13 2210 0 111 204
14 4582 0 114 204
15 244 0 124 204
15 5266 1 -1 -1
0 232 0 148 204
1 4279 0 149 204
1 4683 0 149 204
2 1678 0 150 204
3 1719 0 151 204
4 2243 0 159 204
4 3080 0 159 204
5 4879 0 185 204
6 4731 0 186 204
7 3966 0 193 204
8 2121 0 111 205
9 4556 0 114 205
10 1037 0 123 205
11 567 0 124 205
11 1178 0 124 205
12 231 0 148 205
13 4559 0 149 205
14 1764 0 151 205
14 2278 0 151 205
15 2745 1 159 205
0 4689 0 186 205
1 4878 0 187 205
2 4324 0 193 205
3 4166 0 194 205
3 4876 0 194 205
4 432 0 85 206
5 2120 0 111 206
6 4977 0 114 206
6 5038 0 114 206
7 893 0 123 206
8 378 0 148 206
8 1095 0 148 206
9 4646 0 149 206
9 5213 0 149 206
10 2125 0 151 206
11 3120 0 159 206
12 2844 0 160 206
13 5000 0 187 206
13 5078 0 187 206
14 4833 0 194 206
15 4728 0 195 206
15 5266 1 -1 -1
0 380 0 84 207
1 501 0 85 207
2 3164 0 110 207
3 2523 0 111 207
3 2843 0 111 207
4 892 0 123 207
5 990 0 148 207
6 1128 0 149 207
6 5212 0 149 207
7 2171 0 151 207
8 2528 0 152 207
9 2961 0 160 207
9 3607 0 160 207
10 4796 0 195 207
11 4795 0 196 207
12 234 0 84 208
13 2770 0 110 208
14 1110 0 123 208
14 1676 0 123 208
15 881 1 149 208
0 2429 0 152 208
0 2915 0 152 208
1 3507 0 160 208
2 3656 0 161 208
3 4907 0 196 208
3 5069 0 196 208
4 381 0 83 209
4 1216 0 83 209
5 557 0 84 209
6 2769 0 110 209
7 1527 0 123 209
8 947 0 149 209
8 1870 0 149 209
9 2773 0 152 209
10 3390 0 161 209
11 882 0 83 210
12 3388 0 110 210
13 1526 0 123 210
14 271 0 133 210
15 1514 1 149 210
0 2772 0 152 210
1 3655 0 161 210
1 4121 0 161 210
2 912 0 82 211
3 3387 0 110 211
4 1675 0 123 211
4 2384 0 123 211
5 270 0 133 211
6 1708 0 149 211
7 1707 0 150 211
8 3082 0 152 211
9 3508 0 153 211
10 4323 0 161 211
11 4025 0 162 211
12 1217 0 81 212
13 949 0 82 212
14 3604 0 109 212
14 4363 0 109 212
15 3603 0 110 212
15 5266 1 -1 -1
0 2170 0 123 212
1 269 0 133 212
2 1513 0 150 212
3 3392 0 153 212
4 4052 0 162 212
4 4945 0 162 212
5 1130 0 81 213
5 1620 0 81 213
6 3987 0 109 213
7 2169 0 123 213
8 429 0 133 213
8 1063 0 133 213
9 1869 0 150 213
9 2191 0 150 213
10 3427 0 153 213
11 4765 0 162 213
12 4875 0 163 213
13 1784 0 80 214
14 1662 0 81 214
15 3986 1 109 214
0 2242 0 123 214
0 3119 0 123 214
1 911 0 133 214
2 2190 0 150 214
3 3702 0 153 214
3 4203 0 153 214
4 4284 0 154 214
5 4588 0 163 214
6 1517 0 80 215
7 4196 0 109 215
7 4794 0 109 215
8 2807 0 123 215
9 910 0 133 215
10 2375 0 150 215
11 2298 0 151 215
12 3991 0 154 215
13 4764 0 163 215
13 5062 0 163 215
14 1831 0 79 216
14 2415 0 79 216
15 1752 0 80 216
15 5266 1 -1 -1
0 4615 0 109 216
1 2806 0 123 216
2 909 0 133 216
3 2374 0 151 216
3 2945 0 151 216
4 4053 0 154 216
4 4948 0 154 216
5 2195 0 79 217
6 4616 0 108 217
7 2805 0 123 217
8 1550 0 133 217
9 2794 0 151 217
10 4619 0 154 217
11 2267 0 78 218
12 2414 0 79 218
13 4873 0 108 218
13 5056 0 108 218
14 3424 0 123 218
15 1711 0 133 218
15 5266 1 -1 -1
0 1750 0 134 218
1 2793 0 151 218
2 4653 0 155 218
3 2196 0 78 219
4 3423 0 123 219
5 1549 0 134 219
6 3105 0 151 219
7 3020 0 152 219
7 3635 0 152 219
8 4686 0 155 219
8 5217 0 155 219
9 2834 0 77 220
10 2515 0 78 220
11 3422 0 123 220
12 1710 0 134 220
12 2376 0 134 220
13 3456 0 152 220
14 5216 0 155 220
15 3155 0 76 221
15 5266 1 -1 -1
0 2874 0 77 221
1 3750 0 123 221
1 4087 0 123 221
2 2194 0 134 221
3 3412 0 152 221
4 2795 0 76 222
5 4200 0 122 222
6 4199 0 123 222
7 2193 0 134 222
8 3455 0 152 222
8 4354 0 152 222
9 3692 0 75 223
10 3021 0 76 223
10 3735 0 76 223
11 4024 0 122 223
12 2192 0 134 223
13 4353 0 152 223
14 4038 0 153 223
15 3460 0 75 224
15 5266 1 -1 -1
0 4651 0 122 224
1 2514 0 134 224
1 2873 0 134 224
2 4012 0 153 224
3 3589 0 74 225
4 3588 0 75 225
5 4650 0 122 225
6 2831 0 134 225
7 4110 0 153 225
7 4894 0 153 225
8 3495 0 74 226
8 4357 0 74 226
9 4649 0 122 226
10 2830 0 134 226
11 4670 0 153 226
12 4112 0 73 227
13 4265 0 74 227
14 4944 0 122 227
14 5061 0 122 227
15 2948 0 134 227
15 3691 0 134 227
15 5266 1 -1 -1
0 4638 0 154 227
1 4041 0 73 228
2 3459 0 134 228
3 4637 0 154 228
4 4153 0 72 229
4 4930 0 72 229
5 4313 0 73 229
6 3458 0 134 229
7 5035 0 154 229
8 4674 0 72 230
9 3457 0 134 230
10 4675 0 71 231
11 3733 0 134 231
11 4111 0 134 231
12 4932 0 70 232
13 4715 0 71 232
14 4040 0 134 232
15 4931 0 70 233
15 5041 0 70 233
15 5266 1 -1 -1
0 4039 0 134 233
1 4263 0 134 234
1 4819 0 134 234
2 4976 0 135 234
3 4673 0 135 235
4 4672 0 135 236
5 4714 0 135 237
5 5232 0 135 237
6 5180 0 135 238
15 5266 1 -1 -1
