# ant1, ant2, u(pix), v(pix), chan1, chan2
13 16 37 6 252 255
14 17 6 56 252 255
13 16 37 7 251 251
13 16 38 7 244 250
14 17 7 57 244 251
13 16 38 8 240 243
13 16 39 8 236 239
14 17 8 57 238 243
14 17 8 58 236 237
13 16 39 9 229 235
13 16 40 9 228 228
14 17 9 58 228 235
13 16 40 10 220 227
14 17 10 58 224 227
14 17 10 59 220 223
13 16 40 11 218 219
13 16 41 11 212 217
14 17 11 59 212 219
13 15 102 11 249 255
14 19 11 125 255 255
13 16 41 12 208 211
13 16 42 12 203 207
14 17 12 59 211 211
14 17 12 60 203 210
13 15 102 12 241 248
14 19 12 125 247 254
13 16 42 13 197 202
13 16 43 13 195 196
14 17 13 60 197 202
14 17 13 61 195 196
13 15 102 13 232 240
14 19 13 125 238 246
13 16 43 14 187 194
14 17 14 61 187 194
13 15 102 14 228 231
13 15 103 14 224 227
14 19 14 125 230 237
13 17 18 15 251 255
13 16 43 15 186 186
13 16 44 15 179 185
14 17 15 61 183 186
14 17 15 62 179 182
13 15 103 15 215 223
14 19 15 125 221 229
13 17 18 16 248 250
13 17 19 16 242 247
13 16 44 16 175 178
13 16 45 16 171 174
14 17 16 62 171 178
13 15 103 16 207 214
14 19 16 125 213 220
13 17 19 17 239 241
13 17 20 17 234 238
13 16 45 17 164 170
13 16 46 17 163 163
14 17 17 62 169 170
14 17 17 63 163 168
13 15 103 17 199 206
14 19 17 125 204 212
13 17 20 18 230 233
13 17 21 18 225 229
13 16 46 18 155 162
14 17 18 63 155 162
13 15 103 18 190 198
14 19 18 125 196 203
13 17 21 19 221 224
13 17 22 19 216 220
13 16 46 19 153 154
13 16 47 19 147 152
14 17 19 64 147 154
13 15 104 19 182 189
14 19 19 125 187 195
13 17 22 20 212 215
13 17 23 20 207 211
13 16 47 20 142 146
13 16 48 20 138 141
14 17 20 64 142 146
14 17 20 65 138 141
13 15 104 20 173 181
14 19 20 125 179 186
13 17 23 21 203 206
13 17 24 21 199 202
13 16 48 21 131 137
13 16 49 21 130 130
14 17 21 65 130 137
13 15 104 21 165 172
14 19 21 125 170 178
13 17 24 22 194 198
13 17 25 22 190 193
13 16 49 22 122 129
14 17 22 65 128 129
14 17 22 66 122 127
13 15 104 22 156 164
14 19 22 125 162 169
13 17 25 23 185 189
13 17 26 23 181 184
13 16 49 23 120 121
13 16 50 23 114 119
14 17 23 66 114 121
13 19 23 84 251 255
13 15 104 23 152 155
13 15 105 23 148 151
14 19 23 125 153 161
13 17 26 24 176 180
13 17 27 24 172 175
13 16 50 24 109 113
13 16 51 24 106 108
14 17 24 67 106 113
13 19 24 84 243 250
13 19 24 85 242 242
14 18 24 97 255 255
13 15 105 24 139 147
14 19 24 125 145 152
13 17 27 25 167 171
13 17 28 25 163 166
13 16 51 25 99 105
13 16 52 25 98 98
14 17 25 67 100 105
14 17 25 68 98 99
13 19 25 85 232 241
14 18 25 97 248 254
14 18 25 98 246 247
13 15 105 25 131 138
14 19 25 125 142 144
14 19 25 126 136 141
13 17 28 26 158 162
13 17 29 26 155 157
14 16 26 47 253 255
14 16 26 48 246 252
13 16 52 26 90 97
14 17 26 68 90 97
13 19 26 85 223 231
14 18 26 98 236 245
13 15 105 26 123 130
14 19 26 126 128 135
13 17 29 27 149 154
13 17 30 27 146 148
14 16 27 48 241 245
14 16 27 49 236 240
13 16 52 27 88 89
13 16 53 27 82 87
14 17 27 68 86 89
14 17 27 69 82 85
13 19 27 85 220 222
13 19 27 86 213 219
14 18 27 98 227 235
13 15 105 27 114 122
12 16 116 27 255 255
14 19 27 126 119 127
13 17 30 28 140 145
13 17 31 28 137 139
14 16 28 49 229 235
14 16 28 50 227 228
13 16 53 28 77 81
13 16 54 28 73 76
14 17 28 69 73 81
13 19 28 86 204 212
14 18 28 98 217 226
13 15 106 28 106 113
12 16 116 28 245 254
14 19 28 126 111 118
13 17 31 29 131 136
13 17 32 29 128 130
14 16 29 50 217 226
13 16 54 29 66 72
13 16 55 29 65 65
14 17 29 70 65 72
13 19 29 86 198 203
13 19 29 87 195 197
14 18 29 98 216 216
14 18 29 99 207 215
13 15 106 29 97 105
12 16 116 29 235 244
14 19 29 126 102 110
13 17 32 30 123 127
13 17 33 30 120 122
14 16 30 51 207 216
13 16 55 30 57 64
14 17 30 70 59 64
14 17 30 71 57 58
13 19 30 87 185 194
14 18 30 99 198 206
13 15 106 30 89 96
12 16 116 30 226 234
14 19 30 126 94 101
13 17 33 31 114 119
13 17 34 31 111 113
14 16 31 51 204 206
14 16 31 52 198 203
13 16 55 31 55 56
13 16 56 31 49 54
14 17 31 71 49 56
13 19 31 87 176 184
14 18 31 99 188 197
13 15 106 31 80 88
12 16 116 31 216 225
14 19 31 126 85 93
13 17 34 32 105 110
13 17 35 32 102 104
14 16 32 52 192 197
14 16 32 53 188 191
13 16 56 32 44 48
13 16 57 32 41 43
7 16 69 32 246 255
14 17 32 71 45 48
14 17 32 72 41 44
13 19 32 87 175 175
13 19 32 88 166 174
14 18 32 99 184 187
14 18 32 100 179 183
13 15 106 32 77 79
13 15 107 32 72 76
12 16 116 32 206 215
14 19 32 126 77 84
14 20 32 157 252 255
12 15 180 32 252 255
13 17 35 33 96 101
13 17 36 33 93 95
14 16 33 53 180 187
14 16 33 54 178 179
13 16 57 33 33 40
8 17 33 64 255 255
7 16 69 33 243 245
7 16 70 33 236 242
14 17 33 72 33 40
13 19 33 88 157 165
14 18 33 100 169 178
13 15 107 33 63 71
12 16 116 33 196 205
14 19 33 126 68 76
14 20 33 157 242 251
12 15 180 33 241 251
13 17 36 34 87 92
13 17 37 34 85 86
14 16 34 54 169 177
13 16 58 34 25 32
8 17 34 64 245 254
7 16 70 34 226 235
7 16 71 34 225 225
14 17 34 72 31 32
14 17 34 73 25 30
13 19 34 88 153 156
13 19 34 89 147 152
14 18 34 100 160 168
13 15 107 34 55 62
12 16 116 34 190 195
12 16 117 34 186 189
14 19 34 126 60 67
14 20 34 156 232 234
14 20 34 157 235 241
12 15 179 34 231 238
12 15 180 34 239 240
13 17 37 35 78 84
13 17 38 35 76 77
14 16 35 54 168 168
14 16 35 55 159 167
13 16 58 35 22 24
13 16 59 35 17 21
8 17 35 64 242 244
8 17 35 65 234 241
7 16 71 35 215 224
14 17 35 73 17 24
13 19 35 89 138 146
14 18 35 100 151 159
14 18 35 101 150 150
13 15 107 35 47 54
12 16 117 35 176 185
14 19 35 126 51 59
14 20 35 156 221 231
12 15 179 35 221 230
13 17 38 36 69 75
13 17 39 36 67 68
14 16 36 55 155 158
14 16 36 56 149 154
13 18 36 56 251 255
13 16 59 36 11 16
13 16 60 36 8 10
8 17 36 65 226 233
8 17 36 66 224 225
7 16 71 36 210 214
7 16 72 36 205 209
14 17 36 74 8 16
13 19 36 89 130 137
13 19 36 90 128 129
12 17 96 36 254 255
14 18 36 101 140 149
13 15 107 36 39 46
13 15 108 36 38 38
12 16 117 36 166 175
14 19 36 126 43 50
7 15 133 36 253 255
14 20 36 156 211 220
12 15 178 36 210 219
12 15 179 36 220 220
13 17 39 37 60 66
13 17 40 37 58 59
14 16 37 56 143 148
13 18 37 56 249 250
14 16 37 57 140 142
13 18 37 57 240 248
13 16 60 37 1 7
13 16 61 37 0 0
8 17 37 66 213 223
7 16 72 37 194 204
14 17 37 74 4 7
14 17 37 75 0 3
13 19 37 90 119 127
12 17 96 37 249 253
12 17 97 37 243 248
14 18 37 101 131 139
13 15 108 37 30 37
12 16 117 37 157 165
14 19 37 126 34 42
7 15 133 37 242 252
14 20 37 156 201 210
12 15 177 37 200 201
12 15 178 37 202 209
13 17 40 38 51 57
13 17 41 38 50 50
14 16 38 57 131 139
13 18 38 57 235 239
14 16 38 58 130 130
13 18 38 58 229 234
8 17 38 66 211 212
8 17 38 67 203 210
7 16 72 38 193 193
7 16 73 38 184 192
13 19 38 90 110 118
12 17 97 38 232 242
14 18 38 101 121 130
13 15 108 38 21 29
12 16 117 38 147 156
14 19 38 126 26 33
7 15 133 38 231 241
14 20 38 155 190 200
12 15 177 38 190 199
13 17 41 39 42 49
13 17 42 39 41 41
14 16 39 58 120 129
13 18 39 58 221 228
13 18 39 59 219 220
8 17 39 67 196 202
8 17 39 68 192 195
7 16 73 39 176 183
7 16 74 39 174 175
13 19 39 90 108 109
13 19 39 91 100 107
12 17 97 39 222 231
14 18 39 101 119 120
14 18 39 102 112 118
13 15 108 39 13 20
12 16 117 39 137 146
14 19 39 126 17 25
7 15 133 39 220 230
8 19 39 133 248 255
14 20 39 155 180 189
12 15 176 39 179 182
12 15 177 39 183 189
13 17 42 40 33 40
13 17 43 40 32 32
7 17 49 40 255 255
14 16 40 58 118 119
14 16 40 59 111 117
13 18 40 59 208 218
8 17 40 68 182 191
7 16 74 40 164 173
13 19 40 91 91 99
12 17 97 40 217 221
12 17 98 40 211 216
14 18 40 102 102 111
13 15 108 40 4 12
12 16 117 40 127 136
14 19 40 126 9 16
8 19 40 132 237 245
7 15 133 40 209 219
8 19 40 133 246 247
14 20 40 155 170 179
12 15 176 40 169 178
13 17 43 41 24 31
13 17 44 41 23 23
7 17 49 41 254 254
7 17 50 41 244 253
14 16 41 59 106 110
14 16 41 60 101 105
13 18 41 60 197 207
8 17 41 68 180 181
8 17 41 69 171 179
7 16 74 41 159 163
7 16 75 41 153 158
13 19 41 91 85 90
13 19 41 92 81 84
12 17 98 41 200 210
14 18 41 102 93 101
13 15 108 41 1 3
13 15 109 41 0 0
12 16 117 41 117 126
14 19 41 126 0 8
8 19 41 132 226 236
7 15 133 41 199 208
14 20 41 154 159 166
14 20 41 155 167 169
12 15 175 41 159 163
12 15 176 41 164 168
13 17 44 42 15 22
13 17 45 42 14 14
7 17 50 42 241 243
7 17 51 42 232 240
14 16 42 60 94 100
13 18 42 60 194 196
14 16 42 61 91 93
13 18 42 61 186 193
8 17 42 69 165 170
8 17 42 70 161 164
7 16 75 42 143 152
13 19 42 92 72 80
12 17 98 42 189 199
14 18 42 102 87 92
14 18 42 103 83 86
12 16 117 42 110 116
12 16 118 42 107 109
11 16 125 42 245 255
8 19 42 132 215 225
7 15 133 42 188 198
14 20 42 154 149 158
12 15 175 42 148 158
13 17 45 43 6 13
7 17 51 43 228 231
7 17 52 43 221 227
14 16 43 61 82 90
13 18 43 61 180 185
13 18 43 62 175 179
8 17 43 70 150 160
7 16 76 43 133 142
13 19 43 92 63 71
13 19 43 93 62 62
12 17 98 43 186 188
12 17 99 43 178 185
14 18 43 103 74 82
12 16 118 43 98 106
11 16 125 43 233 244
8 19 43 132 204 214
7 15 133 43 177 187
14 20 43 154 139 148
12 15 174 43 138 144
12 15 175 43 145 147
13 17 46 44 0 5
7 17 52 44 216 220
7 17 53 44 210 215
14 16 44 62 72 81
13 18 44 62 166 174
13 18 44 63 165 165
8 17 44 71 140 149
7 16 76 44 126 132
7 16 77 44 123 125
13 19 44 93 53 61
12 17 99 44 168 177
14 18 44 103 64 73
13 20 44 116 247 255
12 16 118 44 88 97
11 16 125 44 222 232
15 17 44 132 249 255
8 19 44 132 193 203
7 15 133 44 166 176
14 20 44 153 128 132
14 20 44 154 133 138
12 15 174 44 128 137
7 17 53 45 203 209
7 17 54 45 199 202
14 16 45 62 69 71
14 16 45 63 62 68
13 18 45 63 154 164
8 17 45 71 134 139
8 17 45 72 130 133
7 16 77 45 112 122
13 19 45 93 44 52
12 17 99 45 157 167
14 18 45 103 55 63
14 18 45 104 54 54
13 20 45 116 236 246
12 16 118 45 78 87
11 16 125 45 210 221
15 17 45 132 237 248
8 19 45 132 181 192
7 15 133 45 155 165
14 20 45 153 118 127
12 15 173 45 117 125
12 15 174 45 126 127
7 17 54 46 191 198
7 17 55 46 187 190
14 16 46 63 57 61
13 18 46 63 153 153
14 16 46 64 53 56
13 18 46 64 143 152
8 17 46 72 119 129
7 16 77 46 109 111
7 16 78 46 102 108
13 19 46 93 41 43
13 19 46 94 34 40
12 17 99 46 155 156
12 17 100 46 146 154
14 18 46 104 45 53
13 20 46 116 224 235
12 16 118 46 68 77
11 16 125 46 199 209
15 17 46 132 225 236
8 19 46 132 170 180
7 15 133 46 145 154
14 20 46 153 108 117
12 15 173 46 107 116
11 15 189 46 252 255
7 17 55 47 178 186
7 17 56 47 176 177
14 16 47 64 45 52
13 18 47 64 139 142
14 16 47 65 43 44
13 18 47 65 132 138
8 17 47 73 109 118
7 16 78 47 93 101
7 16 79 47 92 92
13 19 47 94 25 33
12 17 100 47 135 145
14 18 47 104 35 44
13 20 47 116 212 223
12 16 118 47 58 67
11 16 125 47 187 198
15 17 47 132 213 224
8 19 47 132 159 169
7 15 133 47 134 144
14 20 47 152 97 98
14 20 47 153 99 107
12 15 172 47 97 106
11 15 188 47 240 243
11 15 189 47 244 251
7 17 56 48 165 175
14 16 48 65 33 42
13 18 48 65 125 131
13 18 48 66 122 124
8 17 48 73 103 108
8 17 48 74 98 102
7 16 79 48 81 91
13 19 48 94 18 24
13 19 48 95 15 17
6 16 96 48 249 255
6 16 97 48 247 248
12 17 100 48 124 134
14 18 48 104 26 34
13 20 48 116 203 211
13 20 48 117 200 202
12 16 118 48 48 57
11 16 125 48 176 186
15 17 48 132 202 212
8 19 48 132 148 158
7 15 133 48 123 133
14 20 48 152 87 96
12 15 171 48 86 87
12 15 172 48 88 96
11 15 188 48 228 239
7 17 57 49 153 164
14 16 49 65 32 32
14 16 49 66 24 31
13 18 49 66 111 121
8 17 49 74 88 97
7 16 79 49 76 80
7 16 80 49 71 75
13 19 49 95 6 14
6 16 97 49 235 246
12 17 101 49 114 123
14 18 49 104 22 25
14 18 49 105 16 21
13 20 49 117 188 199
12 16 118 49 38 47
11 16 125 49 164 175
15 17 49 132 190 201
8 19 49 132 137 147
7 15 133 49 112 122
14 20 49 152 77 86
12 15 171 49 76 85
11 15 187 49 216 227
15 19 49 201 253 255
7 17 58 50 142 152
14 16 50 66 20 23
14 16 50 67 14 19
13 18 50 67 100 110
8 17 50 75 77 87
7 16 80 50 61 70
13 19 50 95 0 5
6 16 97 50 222 234
12 17 101 50 103 113
11 17 105 50 255 255
14 18 50 105 7 15
13 20 50 117 177 187
12 16 118 50 29 37
11 16 125 50 153 163
15 17 50 132 178 189
8 19 50 132 126 136
7 15 133 50 101 111
14 20 50 152 66 76
12 15 170 50 66 68
12 15 171 50 69 75
11 15 186 50 204 210
11 15 187 50 211 215
15 19 50 200 240 245
15 19 50 201 246 252
7 17 58 51 140 141
7 17 59 51 131 139
14 16 51 67 8 13
13 18 51 67 98 99
14 16 51 68 4 7
13 18 51 68 89 97
8 17 51 75 73 76
8 17 51 76 67 72
7 16 80 51 59 60
7 16 81 51 51 58
6 16 97 51 218 221
6 16 98 51 210 217
12 17 101 51 93 102
12 17 102 51 92 92
11 17 105 51 242 254
14 18 51 105 0 6
13 20 51 117 165 176
12 16 119 51 19 28
11 16 125 51 141 152
15 17 51 132 166 177
8 19 51 132 115 125
7 15 133 51 91 100
14 20 51 151 56 64
14 20 51 152 65 65
12 15 170 51 55 65
11 15 185 51 191 194
11 15 186 51 195 203
15 19 51 199 228 232
15 19 51 200 233 239
7 17 59 52 128 130
7 17 60 52 119 127
14 16 52 68 0 3
13 18 52 68 84 88
13 18 52 69 78 83
8 17 52 76 57 66
8 17 52 77 56 56
7 16 81 52 42 50
7 16 82 52 40 41
14 15 90 52 249 255
6 16 98 52 198 209
12 17 102 52 81 91
11 17 105 52 240 241
8 18 52 105 247 255
11 17 106 52 229 239
13 20 52 117 153 164
12 16 119 52 9 18
11 16 125 52 130 140
7 15 132 52 80 87
15 17 52 132 155 165
8 19 52 132 104 114
7 15 133 52 88 90
14 20 52 151 46 55
6 15 161 52 255 255
12 15 169 52 45 49
12 15 170 52 50 54
11 15 185 52 179 190
15 19 52 198 215 218
15 19 52 199 219 227
8 16 53 55 247 255
7 17 60 53 115 118
7 17 61 53 108 114
13 18 53 69 70 77
13 18 53 70 68 69
8 17 53 77 46 55
7 16 82 53 30 39
14 15 90 53 247 248
14 15 91 53 236 246
6 16 98 53 187 197
6 16 99 53 185 186
12 17 102 53 70 80
8 18 53 105 234 246
11 17 106 53 217 228
13 20 53 117 141 152
12 16 119 53 0 8
11 16 125 53 118 129
7 15 132 53 69 79
15 17 53 132 143 154
8 19 53 132 93 103
14 20 53 151 35 45
6 15 161 53 242 254
12 15 169 53 35 44
11 15 184 53 167 178
15 19 53 197 202 205
15 19 53 198 206 214
8 16 54 55 245 246
8 16 54 56 234 244
7 17 61 54 102 107
7 17 62 54 97 101
13 18 54 70 57 67
8 17 54 77 42 45
8 17 54 78 35 41
7 16 82 54 26 29
3 16 83 54 255 255
7 16 83 54 20 25
14 15 91 54 223 235
6 16 99 54 173 184
12 17 102 54 61 69
12 17 103 54 60 60
8 18 54 105 221 233
11 17 106 54 204 216
13 20 54 117 130 140
11 16 125 54 107 117
7 15 132 54 58 68
15 17 54 132 131 142
8 19 54 132 81 92
14 20 54 150 25 30
14 20 54 151 31 34
6 15 160 54 229 241
12 15 168 54 24 30
12 15 169 54 31 34
11 15 183 54 155 162
11 15 184 54 163 166
15 19 54 196 190 191
15 19 54 197 192 201
8 16 55 56 231 233
8 16 55 57 221 230
7 17 62 55 90 96
7 17 63 55 85 89
13 18 55 70 56 56
13 18 55 71 46 55
8 17 55 78 26 34
8 17 55 79 25 25
2 16 81 55 246 255
3 16 83 55 252 254
7 16 83 55 10 19
3 16 84 55 242 251
14 15 91 55 221 222
14 15 92 55 210 220
6 16 99 55 161 172
12 17 103 55 49 59
8 18 55 105 219 220
11 17 106 55 197 203
8 18 55 106 208 218
11 17 107 55 191 196
7 19 55 109 250 255
7 19 55 110 245 249
13 20 55 117 122 129
13 20 55 118 118 121
11 16 125 55 96 106
7 15 132 55 47 57
15 17 55 132 119 130
8 19 55 132 70 80
14 20 55 150 15 24
6 15 160 55 216 228
12 15 168 55 14 23
11 15 182 55 143 146
11 15 183 55 147 154
15 19 55 195 177 178
15 19 55 196 179 189
8 16 56 57 218 220
8 16 56 58 208 217
7 17 63 56 77 84
7 17 64 56 74 76
13 18 56 71 43 45
13 18 56 72 35 42
8 17 56 79 14 24
2 16 81 56 240 245
2 16 82 56 232 239
7 16 83 56 9 9
3 16 84 56 229 241
7 16 84 56 0 8
3 16 85 56 228 228
14 15 92 56 197 209
6 16 99 56 156 160
6 16 100 56 148 155
12 17 103 56 38 48
8 18 56 106 195 207
11 17 107 56 178 190
7 19 56 110 231 244
13 20 56 118 106 117
11 16 125 56 84 95
7 15 132 56 37 46
15 17 56 132 107 118
8 19 56 132 59 69
8 11 56 141 253 255
14 20 56 150 4 14
6 15 159 56 203 211
6 15 160 56 212 215
12 15 167 56 4 11
12 15 168 56 12 13
11 15 182 56 131 142
15 19 56 195 165 176
8 16 57 58 204 207
8 16 57 59 195 203
7 17 64 57 65 73
7 17 65 57 63 64
13 18 57 72 29 34
13 18 57 73 25 28
6 17 77 57 245 255
8 17 57 79 11 13
8 17 57 80 4 10
2 16 82 57 219 231
3 16 85 57 215 227
14 15 92 57 194 196
14 15 93 57 184 193
6 16 100 57 136 147
12 17 103 57 30 37
12 17 104 57 27 29
8 18 57 106 182 194
11 17 107 57 165 177
7 19 57 110 218 230
13 20 57 118 94 105
11 16 125 57 73 83
7 15 132 57 26 36
15 17 57 132 96 106
8 19 57 132 48 58
8 11 57 141 239 252
14 20 57 150 0 3
6 15 159 57 190 202
12 15 167 57 0 3
11 15 181 57 119 130
15 19 57 194 152 164
8 16 58 59 191 194
8 16 58 60 182 190
7 17 65 58 52 62
7 17 66 58 51 51
13 18 58 73 15 24
13 18 58 74 14 14
6 17 77 58 244 244
6 17 78 58 231 243
8 17 58 80 0 3
2 16 83 58 205 218
3 16 85 58 207 214
3 16 86 58 201 206
14 15 93 58 171 183
6 16 100 58 124 135
12 17 104 58 16 26
8 18 58 106 176 181
11 17 107 58 154 164
8 18 58 107 169 175
11 17 108 58 153 153
7 19 58 110 204 217
13 20 58 118 83 93
11 16 125 58 61 72
7 15 132 58 15 25
15 17 58 132 84 95
8 19 58 132 37 47
8 11 58 141 225 238
6 15 158 58 177 180
6 15 159 58 181 189
11 15 180 58 107 113
11 15 181 58 114 118
15 19 58 193 140 151
8 16 59 60 177 181
8 16 59 61 168 176
7 17 66 59 40 50
13 18 59 74 3 13
6 17 78 59 224 230
6 17 79 59 217 223
1 16 82 59 253 255
1 16 83 59 246 252
2 16 83 59 198 204
2 16 84 59 192 197
3 16 86 59 188 200
4 16 87 59 255 255
14 15 93 59 168 170
14 15 94 59 158 167
6 16 101 59 111 123
12 17 104 59 5 15
8 18 59 107 156 168
11 17 108 59 140 152
7 19 59 110 197 203
7 19 59 111 191 196
8 15 118 59 254 255
13 20 59 118 71 82
11 16 125 59 50 60
15 17 59 131 72 82
8 19 59 131 26 27
7 15 132 59 4 14
15 17 59 132 83 83
8 19 59 132 28 36
8 11 59 141 212 224
2 15 145 59 255 255
3 15 148 59 250 255
6 15 158 59 163 176
11 15 179 59 95 97
11 15 180 59 98 106
15 19 59 192 127 137
15 19 59 193 138 139
8 16 60 61 164 167
8 16 60 62 155 163
7 17 66 60 39 39
7 17 67 60 29 38
13 18 60 74 1 2
13 18 60 75 0 0
6 17 79 60 205 216
6 17 80 60 203 204
1 16 83 60 232 245
2 16 84 60 178 191
3 16 86 60 185 187
3 16 87 60 174 184
4 16 87 60 241 254
14 15 94 60 145 157
6 16 101 60 99 110
12 17 104 60 0 4
8 18 60 107 143 155
11 17 108 60 127 139
7 19 60 111 177 190
8 15 118 60 239 253
13 20 60 118 59 70
11 16 125 60 38 49
15 17 60 131 60 71
8 19 60 131 15 25
7 15 132 60 0 3
8 11 60 140 198 205
8 11 60 141 206 211
2 15 145 60 240 254
3 15 148 60 236 249
6 15 157 60 150 150
6 15 158 60 151 162
8 20 60 164 242 255
11 15 179 60 82 94
15 19 60 191 114 124
15 19 60 192 125 126
8 16 61 62 150 154
8 16 61 63 142 149
2 17 61 64 253 255
7 17 67 61 27 28
7 17 68 61 17 26
6 17 80 61 189 202
1 16 83 61 231 231
1 16 84 61 217 230
2 16 84 61 177 177
2 16 85 61 165 176
3 16 87 61 163 173
4 16 87 61 237 240
3 16 88 61 161 162
4 16 88 61 227 236
14 15 94 61 142 144
14 15 95 61 132 141
6 16 101 61 93 98
6 16 102 61 86 92
8 18 61 107 134 142
11 17 108 61 114 126
8 18 61 108 130 133
7 19 61 111 164 176
8 15 118 61 225 238
13 20 61 118 47 58
11 16 125 61 27 37
15 17 61 131 48 59
8 19 61 131 4 14
8 11 61 140 184 197
2 15 145 61 226 239
3 15 147 61 222 230
3 15 148 61 231 235
6 15 157 61 137 149
8 20 61 163 228 228
8 20 61 164 229 241
11 15 178 61 70 81
15 19 61 190 102 110
15 19 61 191 111 113
8 16 62 63 137 141
8 16 62 64 129 136
2 17 62 64 243 252
2 17 62 65 238 242
7 17 68 62 14 16
7 17 69 62 6 13
6 17 80 62 186 188
6 17 81 62 175 185
1 16 84 62 209 216
1 16 85 62 203 208
2 16 85 62 156 164
2 16 86 62 151 155
3 16 88 62 147 160
4 16 88 62 213 226
4 16 89 62 212 212
14 15 95 62 119 131
6 16 102 62 74 85
11 17 108 62 110 113
8 18 62 108 117 129
11 17 109 62 102 109
7 19 62 111 150 163
8 15 118 62 210 224
13 20 62 118 40 46
13 20 62 119 36 39
11 16 125 62 15 26
15 17 62 131 37 47
8 19 62 131 0 3
8 11 62 140 170 183
2 15 145 62 212 225
3 15 147 62 207 221
6 15 157 62 124 136
8 20 62 163 213 227
15 18 62 173 253 255
11 15 177 62 58 65
11 15 178 62 66 69
15 19 62 189 89 97
15 19 62 190 98 101
8 16 63 64 123 128
3 17 64 63 254 255
8 16 63 65 116 122
2 17 63 65 228 237
2 17 63 66 223 227
1 17 63 68 247 255
7 17 69 63 2 5
7 17 70 63 0 1
6 17 81 63 166 174
6 17 82 63 161 165
1 16 85 63 189 202
2 16 86 63 138 150
3 16 88 63 141 146
3 16 89 63 134 140
4 16 89 63 198 211
14 15 95 63 116 118
14 15 96 63 106 115
6 16 102 63 62 73
8 18 63 108 104 116
11 17 109 63 89 101
7 19 63 111 144 149
7 19 63 112 137 143
8 15 118 63 196 209
13 20 63 119 24 35
15 16 63 123 253 255
11 16 125 63 4 14
15 17 63 131 25 36
8 11 63 140 156 169
2 15 144 63 197 202
2 15 145 63 203 211
3 15 147 63 193 206
6 15 156 63 111 120
6 15 157 63 121 123
8 20 63 162 199 201
8 20 63 163 202 212
15 18 63 172 238 238
15 18 63 173 239 252
11 15 176 63 46 49
11 15 177 63 50 57
15 19 63 188 77 83
15 19 63 189 84 88
3 17 64 64 246 253
8 16 64 65 110 115
3 17 65 64 238 245
8 16 64 66 102 109
2 17 64 66 212 222
2 17 64 67 209 211
1 17 64 68 243 246
1 17 64 69 232 242
6 17 82 64 147 160
1 16 85 64 188 188
1 16 86 64 174 187
2 16 86 64 135 137
2 16 87 64 124 134
3 16 89 64 120 133
4 16 89 64 189 197
4 16 90 64 183 188
14 15 96 64 93 105
6 16 103 64 49 61
8 10 64 108 244 255
8 18 64 108 92 103
11 17 109 64 76 88
8 18 64 109 91 91
7 19 64 112 123 136
8 15 118 64 181 195
13 20 64 119 12 23
15 16 64 123 238 252
11 16 125 64 0 3
15 17 64 131 13 24
8 11 64 140 143 155
2 15 144 64 183 196
3 15 146 64 178 181
1 15 147 64 240 255
3 15 147 64 182 192
4 15 151 64 250 255
6 15 156 64 98 110
8 20 64 162 184 198
15 18 64 172 223 237
11 15 176 64 34 45
15 19 64 187 64 69
15 19 64 188 70 76
3 17 65 65 231 237
8 16 65 66 96 101
3 17 66 65 223 230
8 16 65 67 89 95
2 17 65 67 197 208
2 17 65 68 194 196
1 17 65 69 227 231
1 17 65 70 217 226
6 17 83 65 134 146
1 16 86 65 166 173
1 16 87 65 160 165
2 16 87 65 114 123
2 16 88 65 111 113
3 16 89 65 119 119
3 16 90 65 107 118
4 16 90 65 169 182
14 15 96 65 90 92
14 15 97 65 80 89
6 16 103 65 37 48
8 10 65 108 243 243
8 10 65 109 229 242
11 17 109 65 67 75
8 18 65 109 78 90
11 17 110 65 63 66
7 19 65 112 110 122
8 15 118 65 167 180
13 20 65 119 0 11
15 16 65 123 222 237
15 17 65 131 1 12
8 11 65 139 129 129
8 11 65 140 130 142
2 15 144 65 168 182
1 15 146 65 225 227
3 15 146 65 164 177
1 15 147 65 228 239
4 15 151 65 235 249
8 12 65 155 251 255
6 15 155 65 85 90
6 15 156 65 91 97
8 20 65 161 170 174
8 20 65 162 175 183
15 18 65 171 207 216
15 18 65 172 217 222
11 15 175 65 22 32
11 15 176 65 33 33
15 19 65 186 51 56
15 19 65 187 57 63
3 17 66 66 216 222
8 16 66 67 83 88
3 17 67 66 208 215
8 16 66 68 76 82
2 17 66 68 182 193
2 17 66 69 179 181
1 17 66 70 210 216
1 17 66 71 202 209
6 17 83 66 127 133
6 17 84 66 120 126
5 16 86 66 251 255
1 16 87 66 146 159
5 16 87 66 241 250
2 16 88 66 97 110
3 16 90 66 96 106
4 16 90 66 165 168
3 16 91 66 93 95
4 16 91 66 154 164
14 15 97 66 67 79
6 16 103 66 31 36
6 16 104 66 25 30
8 10 66 109 213 228
8 18 66 109 65 77
11 17 110 66 50 62
7 19 66 112 96 109
8 15 118 66 165 166
8 15 119 66 153 164
15 16 66 123 220 221
15 16 66 124 207 219
15 17 66 131 0 0
8 11 66 139 115 128
2 15 144 66 154 167
1 15 146 66 210 224
3 15 146 66 150 163
4 15 151 66 219 234
8 12 66 155 235 250
6 15 155 66 72 84
8 20 66 161 155 169
15 18 66 170 192 194
15 18 66 171 195 206
11 15 174 66 10 16
11 15 175 66 17 21
15 19 66 185 39 42
15 19 66 186 43 50
3 17 67 67 200 207
8 16 67 68 69 75
3 17 68 67 192 199
4 17 67 68 254 255
8 16 67 69 63 68
2 17 67 69 166 178
4 17 67 69 253 253
2 17 67 70 164 165
1 17 67 71 194 201
1 17 67 72 186 193
5 17 67 74 255 255
5 17 67 75 246 254
6 17 84 67 108 119
6 17 85 67 106 107
1 16 87 67 144 145
5 16 87 67 228 240
1 16 88 67 131 143
2 16 88 67 93 96
5 16 88 67 225 227
2 16 89 67 84 92
3 16 91 67 80 92
4 16 91 67 141 153
4 16 92 67 140 140
14 15 97 67 63 66
14 15 98 67 54 62
6 16 104 67 12 24
8 10 67 109 198 212
8 18 67 109 52 64
11 17 110 67 38 49
7 19 67 112 90 95
7 19 67 113 82 89
8 15 119 67 138 152
15 16 67 124 192 206
2 19 67 133 243 255
8 11 67 139 101 114
2 15 143 67 139 146
2 15 144 67 147 153
1 15 146 67 194 209
3 15 146 67 135 149
4 15 150 67 204 217
4 15 151 67 218 218
8 12 67 154 219 228
6 15 154 67 59 60
8 12 67 155 229 234
6 15 155 67 61 71
8 20 67 160 141 147
8 20 67 161 148 154
15 18 67 170 177 191
11 15 173 67 0 0
11 15 174 67 1 9
15 19 67 184 26 29
15 19 67 185 30 38
3 17 68 68 185 191
8 16 68 69 56 62
3 17 69 68 177 184
4 17 68 69 237 252
8 16 68 70 50 55
2 17 68 70 151 163
4 17 68 70 236 236
2 17 68 71 149 150
1 17 68 72 177 185
1 17 68 73 171 176
5 17 68 75 237 245
5 17 68 76 230 236
7 18 68 81 255 255
7 18 68 82 243 254
6 17 85 68 92 105
1 16 88 68 123 130
5 16 88 68 209 224
1 16 89 68 117 122
2 16 89 68 72 83
2 16 90 68 70 71
3 16 91 68 74 79
3 16 92 68 67 73
4 16 92 68 125 139
14 15 98 68 41 53
6 16 104 68 0 11
8 10 68 109 193 197
8 18 68 109 49 51
8 10 68 110 183 192
11 17 110 68 25 37
8 18 68 110 39 48
7 19 68 113 69 81
8 15 119 68 124 137
15 16 68 124 176 191
2 19 68 132 226 227
2 19 68 133 228 242
1 19 68 137 253 255
8 11 68 139 87 100
2 15 143 68 125 138
3 15 145 68 121 131
1 15 146 68 179 193
3 15 146 68 132 134
4 15 150 68 188 203
8 12 68 154 203 218
6 15 154 68 45 58
8 20 68 160 127 140
15 18 68 169 162 172
15 18 68 170 173 176
15 19 68 183 14 15
15 19 68 184 16 25
3 17 69 69 169 176
8 16 69 70 42 49
3 17 70 69 162 168
4 17 69 70 221 235
8 16 69 71 36 41
2 17 69 71 135 148
4 17 69 71 220 220
2 17 69 72 134 134
1 17 69 73 161 170
1 17 69 74 156 160
5 17 69 76 218 229
5 17 69 77 214 217
7 18 69 82 234 242
7 18 69 83 226 233
6 17 85 69 89 91
6 17 86 69 78 88
5 16 88 69 204 208
1 16 89 69 103 116
5 16 89 69 193 203
2 16 90 69 56 69
3 16 92 69 53 66
4 16 92 69 117 124
4 16 93 69 111 116
14 15 98 69 37 40
14 15 99 69 27 36
8 10 69 110 167 182
11 17 110 69 24 24
8 18 69 110 26 38
11 17 111 69 12 23
7 19 69 113 55 68
8 15 119 69 109 123
15 16 69 124 161 175
2 19 69 132 210 225
3 19 69 132 252 255
1 19 69 137 236 252
8 11 69 139 73 86
2 15 143 69 110 124
1 15 145 69 163 175
3 15 145 69 106 120
1 15 146 69 176 178
4 15 149 69 173 174
4 15 150 69 175 187
8 12 69 153 188 191
8 12 69 154 192 202
6 15 154 69 32 44
8 20 69 159 112 120
8 20 69 160 121 126
15 18 69 168 147 150
15 18 69 169 151 161
15 19 69 182 1 2
15 19 69 183 3 13
3 17 70 70 154 161
8 16 70 71 29 35
3 17 71 70 146 153
4 17 70 71 204 219
8 16 70 72 23 28
2 17 70 72 120 133
2 17 70 73 119 119
1 17 70 74 145 155
1 17 70 75 141 144
5 17 70 77 200 213
5 17 70 78 197 199
7 18 70 83 213 225
7 18 70 84 210 212
6 17 86 70 69 77
6 17 87 70 64 68
1 16 89 70 101 102
5 16 89 70 180 192
1 16 90 70 89 100
2 16 90 70 51 55
5 16 90 70 177 179
2 16 91 70 43 50
3 16 92 70 52 52
3 16 93 70 40 51
4 16 93 70 96 110
14 15 99 70 14 26
8 10 70 110 152 166
8 18 70 110 13 25
11 17 111 70 0 11
7 19 70 113 42 54
8 15 119 70 95 108
15 16 70 124 146 160
2 19 70 132 194 209
3 19 70 132 235 251
1 19 70 136 219 234
1 19 70 137 235 235
8 11 70 139 60 72
2 15 143 70 96 109
1 15 145 70 148 162
3 15 145 70 92 105
4 15 149 70 157 172
5 15 151 70 251 255
8 12 70 153 172 187
6 15 153 70 19 30
6 15 154 70 31 31
8 20 70 159 98 111
15 18 70 168 132 146
15 19 70 182 0 0
15 20 70 232 248 249
15 20 70 233 250 255
3 17 71 71 138 145
8 16 71 72 15 22
3 17 72 71 131 137
4 17 71 72 187 203
8 16 71 73 10 14
2 17 71 73 105 118
1 17 71 75 128 140
1 17 71 76 126 127
5 17 71 78 181 196
7 18 71 84 193 209
6 17 87 71 50 63
1 16 90 71 79 88
5 16 90 71 161 176
1 16 91 71 74 78
2 16 91 71 30 42
2 16 92 71 29 29
3 16 93 71 30 39
4 16 93 71 93 95
3 16 94 71 26 29
4 16 94 71 82 92
14 15 99 71 11 13
14 15 100 71 1 10
8 10 71 110 143 151
8 18 71 110 7 12
8 10 71 111 136 142
8 18 71 111 0 6
7 19 71 113 37 41
7 19 71 114 28 36
8 15 119 71 80 94
15 16 71 124 130 145
2 19 71 132 178 193
3 19 71 132 218 234
1 19 71 136 203 218
8 11 71 138 46 54
8 11 71 139 55 59
2 15 142 71 81 89
2 15 143 71 90 95
3 15 144 71 78 82
1 15 145 71 133 147
3 15 145 71 83 91
4 15 149 71 142 156
5 15 150 71 234 234
5 15 151 71 235 250
8 12 71 153 156 171
6 15 153 71 6 18
8 20 71 158 83 92
8 20 71 159 93 97
15 18 71 167 117 128
15 18 71 168 129 131
15 20 71 231 231 239
15 20 71 232 240 247
3 17 72 72 123 130
8 16 72 73 1 9
2 17 72 73 104 104
3 17 73 72 116 122
4 17 72 73 171 186
8 16 72 74 0 0
2 17 72 74 90 103
1 17 72 76 112 125
1 17 72 77 110 111
5 17 72 79 165 180
7 18 72 84 191 192
7 18 72 85 177 190
6 17 88 72 36 49
5 16 90 72 156 160
1 16 91 72 60 73
5 16 91 72 146 155
2 16 92 72 16 28
3 16 94 72 13 25
4 16 94 72 69 81
4 16 95 72 68 68
14 15 100 72 0 0
8 10 72 111 121 135
7 19 72 114 15 27
7 11 72 118 250 255
8 15 119 72 71 79
8 15 120 72 66 70
15 16 72 124 115 129
2 19 72 132 162 177
3 19 72 132 201 217
1 19 72 136 186 202
8 11 72 138 32 45
2 15 142 72 67 80
5 19 72 143 251 255
1 15 144 72 117 123
3 15 144 72 63 77
1 15 145 72 124 132
4 15 148 72 126 132
4 15 149 72 133 141
5 15 150 72 217 233
8 12 72 152 140 155
6 15 152 72 0 0
6 15 153 72 1 5
8 20 72 158 69 82
15 18 72 166 102 106
15 18 72 167 107 116
15 20 72 229 214 221
15 20 72 230 222 230
3 17 73 73 107 115
2 17 73 74 89 89
3 17 74 73 100 106
4 17 73 74 155 170
2 17 73 75 75 88
1 17 73 77 95 109
5 17 73 79 163 164
5 17 73 80 149 162
7 18 73 85 170 176
7 18 73 86 161 169
6 17 88 73 31 35
6 17 89 73 22 30
1 16 91 73 57 59
5 16 91 73 132 145
1 16 92 73 46 56
2 16 92 73 9 15
5 16 92 73 130 131
2 16 93 73 2 8
3 16 94 73 8 12
3 16 95 73 0 7
4 16 95 73 53 67
8 10 73 111 105 120
7 19 73 114 1 14
7 11 73 118 232 249
8 15 120 73 52 65
15 16 73 124 100 114
2 19 73 132 146 161
3 19 73 132 184 200
1 19 73 136 170 185
4 19 73 137 241 255
8 11 73 138 18 31
2 15 142 73 53 66
5 19 73 143 234 250
1 15 144 73 102 116
3 15 144 73 49 62
4 15 148 73 111 125
5 15 150 73 200 216
8 12 73 152 125 139
8 20 73 157 54 65
8 20 73 158 66 68
15 18 73 166 87 101
15 20 73 227 196 202
15 20 73 228 203 211
15 20 73 229 212 213
3 17 74 74 92 99
4 17 74 74 154 154
2 17 74 75 74 74
3 17 75 74 85 91
4 17 74 75 138 153
2 17 74 76 60 73
1 17 74 78 80 94
5 17 74 80 144 148
5 17 74 81 132 143
7 18 74 86 149 160
7 18 74 87 144 148
6 17 89 74 11 21
6 17 90 74 8 10
1 16 92 74 36 45
5 16 92 74 114 129
1 16 93 74 31 35
2 16 93 74 0 1
4 16 95 74 45 52
4 16 96 74 39 44
8 10 74 111 93 104
8 10 74 112 90 92
7 19 74 114 0 0
10 16 117 74 254 255
7 11 74 118 215 231
8 15 120 74 37 51
15 16 74 124 85 99
2 19 74 132 129 145
3 19 74 132 167 183
1 19 74 136 153 169
4 19 74 137 223 240
8 11 74 138 4 17
2 15 142 74 38 52
5 19 74 143 216 233
1 15 144 74 87 101
3 15 144 74 35 48
4 15 148 74 95 110
5 15 149 74 183 191
5 15 150 74 192 199
8 12 74 151 109 119
8 12 74 152 120 124
8 20 74 157 40 53
15 18 74 165 72 85
15 18 74 166 86 86
15 20 74 225 179 183
15 20 74 226 184 192
15 20 74 227 193 195
3 17 75 75 76 84
2 17 75 76 58 59
3 17 76 75 70 75
4 17 75 76 122 137
2 17 75 77 45 57
1 17 75 78 79 79
1 17 75 79 65 78
5 17 75 81 126 131
5 17 75 82 116 125
7 18 75 87 128 143
6 17 90 75 0 7
5 16 92 75 109 113
1 16 93 75 17 30
5 16 93 75 98 108
4 16 96 75 24 38
8 10 75 112 75 89
10 16 117 75 236 253
7 11 75 118 208 214
7 11 75 119 197 207
8 15 120 75 23 36
15 16 75 124 69 84
2 19 75 132 113 128
3 19 75 132 150 166
1 19 75 136 136 152
4 19 75 137 205 222
8 11 75 138 0 3
2 15 141 75 24 32
7 20 75 141 255 255
2 15 142 75 33 37
3 15 143 75 20 32
5 19 75 143 198 215
1 15 144 75 71 86
3 15 144 75 33 34
4 15 147 75 80 90
4 15 148 75 91 94
5 15 149 75 165 182
8 12 75 151 93 108
8 20 75 156 25 38
8 20 75 157 39 39
15 18 75 164 57 63
15 18 75 165 64 71
15 20 75 223 162 164
15 20 75 224 165 173
15 20 75 225 174 178
3 17 76 76 61 69
4 17 76 76 121 121
2 17 76 77 43 44
3 17 77 76 54 60
4 17 76 77 106 120
2 17 76 78 30 42
1 17 76 79 62 64
1 17 76 80 49 61
5 17 76 82 107 115
5 17 76 83 100 106
7 18 76 88 111 127
1 16 93 76 14 16
5 16 93 76 85 97
1 16 94 76 3 13
5 16 94 76 82 84
4 16 96 76 21 23
4 16 97 76 10 20
7 9 101 76 239 255
8 10 76 112 59 74
10 16 117 76 221 235
10 16 118 76 217 220
7 11 76 119 179 196
8 15 120 76 8 22
15 16 76 124 54 68
2 19 76 132 97 112
3 19 76 132 134 149
1 19 76 135 120 120
1 19 76 136 121 135
4 19 76 137 187 204
2 15 141 76 9 23
7 20 76 141 236 254
5 19 76 142 180 196
1 15 143 76 56 70
3 15 143 76 6 19
5 19 76 143 197 197
4 15 147 76 64 79
5 15 149 76 148 164
8 12 76 150 77 82
8 12 76 151 83 92
8 20 76 155 11 11
8 20 76 156 12 24
15 18 76 164 42 56
15 20 76 221 145 145
15 20 76 222 146 155
15 20 76 223 156 161
3 17 77 77 46 53
4 17 77 77 104 105
2 17 77 78 27 29
3 17 78 77 39 45
4 17 77 78 89 103
2 17 77 79 15 26
1 17 77 80 46 48
1 17 77 81 34 45
5 17 77 83 89 99
5 17 77 84 84 88
7 18 77 88 106 110
7 18 77 89 95 105
9 17 77 93 240 255
1 16 94 77 0 2
5 16 94 77 66 81
4 16 97 77 0 9
7 9 101 77 224 238
7 9 102 77 220 223
8 10 77 112 44 58
12 18 115 77 253 255
10 16 118 77 199 216
7 11 77 119 161 178
8 15 120 77 0 7
15 16 77 124 39 53
2 19 77 132 81 96
3 19 77 132 117 133
1 19 77 135 103 119
4 19 77 137 169 186
2 15 141 77 0 8
7 20 77 141 217 235
5 19 77 142 163 179
1 15 143 77 41 55
3 15 143 77 0 5
4 15 147 77 49 63
5 15 148 77 131 147
8 12 77 150 61 76
8 20 77 155 0 10
15 18 77 163 26 41
15 20 77 220 128 136
15 20 77 221 137 144
3 17 78 78 30 38
4 17 78 78 88 88
2 17 78 79 12 14
3 17 79 78 24 29
4 17 78 79 73 87
2 17 78 80 1 11
1 17 78 81 29 33
1 17 78 82 19 28
5 17 78 84 70 83
5 17 78 85 68 69
7 18 78 89 85 94
7 18 78 90 78 84
9 17 78 93 238 239
5 16 94 78 61 65
9 17 78 94 221 237
5 16 95 78 50 60
7 9 102 78 201 219
8 10 78 112 43 43
8 10 78 113 28 42
12 18 115 78 234 252
10 16 118 78 181 198
7 11 78 119 144 160
15 16 78 124 23 38
2 19 78 132 65 80
3 19 78 132 100 116
1 19 78 135 87 102
4 19 78 136 151 166
4 19 78 137 167 168
7 20 78 141 198 216
5 19 78 142 145 162
1 15 143 78 25 40
4 15 146 78 33 47
4 15 147 78 48 48
5 15 148 78 114 130
8 12 78 149 46 46
8 12 78 150 47 60
15 18 78 162 11 19
15 18 78 163 20 25
15 20 78 218 111 117
15 20 78 219 118 126
15 20 78 220 127 127
3 17 79 79 15 23
4 17 79 79 71 72
2 17 79 80 0 0
3 17 80 79 8 14
4 17 79 80 57 70
1 17 79 82 13 18
1 17 79 83 4 12
5 17 79 85 52 67
5 17 79 86 51 51
7 18 79 90 64 77
7 18 79 91 62 63
9 17 79 94 209 220
5 16 95 79 37 49
9 17 79 95 202 208
5 16 96 79 35 36
7 9 102 79 188 200
7 9 103 79 182 187
8 10 79 113 13 27
12 18 115 79 214 233
10 16 118 79 162 180
7 11 79 119 126 143
15 16 79 124 8 22
2 19 79 132 49 64
3 19 79 132 83 99
1 19 79 135 70 86
4 19 79 136 133 150
7 20 79 140 179 193
5 19 79 141 127 131
7 20 79 141 194 197
1 15 142 79 10 18
5 19 79 142 132 144
1 15 143 79 19 24
4 15 146 79 18 32
5 15 147 79 97 104
5 15 148 79 105 113
8 12 79 149 30 45
15 18 79 162 0 10
10 15 181 79 248 249
10 15 182 79 250 255
15 20 79 216 94 98
15 20 79 217 99 107
15 20 79 218 108 110
3 17 80 80 0 7
4 17 80 80 55 56
4 17 80 81 40 54
1 17 80 83 0 3
7 10 80 85 247 255
7 10 80 86 238 246
5 17 80 86 35 50
7 18 80 91 46 61
9 17 80 95 182 201
5 16 96 80 19 34
7 9 103 80 163 181
2 18 80 105 240 255
8 10 80 113 0 12
12 18 115 80 195 213
10 16 118 80 144 161
7 11 80 119 108 125
15 16 80 125 0 7
3 19 80 131 66 68
2 19 80 132 32 48
3 19 80 132 69 82
1 19 80 135 53 69
4 19 80 136 115 132
7 20 80 140 160 178
5 19 80 141 109 126
1 15 142 80 0 9
4 15 145 80 2 5
4 15 146 80 6 17
5 15 147 80 80 96
8 12 80 149 14 29
10 15 180 80 227 231
10 15 181 80 232 247
15 20 80 214 77 79
15 20 80 215 80 89
15 20 80 216 90 93
4 17 81 81 38 39
4 17 81 82 24 37
7 10 81 86 223 237
5 17 81 86 33 34
7 10 81 87 217 222
5 17 81 87 19 32
7 18 81 91 42 45
7 18 81 92 29 41
9 17 81 95 181 181
5 16 96 81 14 18
9 17 81 96 163 180
5 16 97 81 3 13
7 9 103 81 152 162
7 9 104 81 144 151
2 18 81 105 222 239
2 18 81 106 219 221
1 18 81 109 252 255
12 18 115 81 193 194
12 18 116 81 175 192
10 16 118 81 130 143
10 16 119 81 125 129
7 11 81 120 90 107
3 19 81 131 49 65
7 12 81 132 246 255
2 19 81 132 16 31
1 19 81 135 37 52
4 19 81 136 98 114
7 20 81 140 142 159
5 19 81 141 91 108
4 15 145 81 0 1
5 15 147 81 62 79
8 12 81 148 0 9
8 12 81 149 10 13
10 15 179 81 207 213
10 15 180 81 214 226
15 20 81 212 60 60
15 20 81 213 61 70
15 20 81 214 71 76
4 17 82 82 21 23
4 17 82 83 8 20
7 10 82 87 200 216
5 17 82 87 15 18
7 10 82 88 197 199
5 17 82 88 3 14
7 18 82 92 21 28
7 18 82 93 13 20
9 17 82 96 153 162
5 16 97 82 0 2
9 17 82 97 144 152
7 9 104 82 125 143
3 18 82 104 251 255
2 18 82 106 199 218
1 18 82 109 231 251
12 18 116 82 156 174
10 16 119 82 107 124
7 11 82 120 73 89
6 19 82 126 250 255
2 19 82 131 0 13
3 19 82 131 32 48
7 12 82 132 225 245
2 19 82 132 14 15
1 19 82 135 20 36
4 19 82 136 80 97
7 20 82 140 123 141
5 19 82 141 74 90
5 15 146 82 45 61
9 19 82 161 246 246
9 19 82 162 247 255
10 15 178 82 187 194
10 15 179 82 195 206
15 20 82 211 43 51
15 20 82 212 52 59
4 17 83 83 5 7
4 17 83 84 0 4
7 10 83 88 177 196
5 17 83 88 0 2
7 10 83 89 176 176
7 18 83 93 0 12
9 17 83 97 125 143
9 17 83 98 124 124
10 17 98 83 252 255
7 9 104 83 115 124
7 9 105 83 106 114
3 18 83 105 229 250
2 18 83 106 180 198
2 18 83 107 178 179
1 18 83 109 218 230
1 18 83 110 210 217
12 18 116 83 136 155
10 16 119 83 88 106
7 11 83 120 55 72
6 19 83 126 228 249
3 19 83 131 15 31
7 12 83 132 204 224
1 19 83 134 4 6
1 19 83 135 7 19
4 19 83 136 62 79
7 20 83 139 104 119
5 19 83 140 56 67
7 20 83 140 120 122
5 19 83 141 68 73
5 15 146 83 28 44
9 19 83 161 225 245
10 15 177 83 167 176
10 15 178 83 177 186
15 20 83 209 26 32
15 20 83 210 33 42
7 10 84 89 156 175
9 16 96 84 244 255
9 16 97 84 243 243
9 17 84 98 105 123
10 17 98 84 230 251
7 9 105 84 87 105
3 18 84 105 209 228
3 18 84 106 208 208
2 18 84 107 158 177
1 18 84 110 189 209
12 18 116 84 119 135
12 18 117 84 116 118
10 16 119 84 70 87
7 11 84 120 37 54
6 19 84 126 207 227
3 19 84 131 0 14
7 12 84 132 183 203
1 19 84 134 0 3
4 19 84 135 44 59
4 19 84 136 60 61
7 20 84 139 85 103
5 19 84 140 38 55
2 11 84 141 249 255
5 15 145 84 11 18
5 15 146 84 19 27
9 19 84 160 203 217
9 19 84 161 218 224
10 15 176 84 146 157
10 15 177 84 158 166
15 20 84 207 8 13
15 20 84 208 14 23
15 20 84 209 24 25
7 10 85 89 154 155
7 10 85 90 135 153
9 16 97 85 221 242
9 17 85 98 97 104
8 9 85 99 239 255
9 17 85 99 86 96
10 17 99 85 208 229
7 9 105 85 79 86
7 9 106 85 68 78
3 18 85 106 186 207
2 18 85 107 137 157
1 18 85 110 167 188
5 18 85 116 251 255
12 18 117 85 97 115
10 16 119 85 51 69
7 11 85 120 19 36
6 19 85 126 185 206
7 12 85 132 162 182
4 19 85 135 26 43
7 20 85 139 66 84
5 19 85 140 20 37
2 11 85 141 226 248
5 15 145 85 0 10
9 19 85 159 181 187
9 19 85 160 188 202
10 15 175 85 126 139
10 15 176 85 140 145
15 20 85 206 0 4
15 20 85 207 5 7
7 10 86 90 131 134
7 10 86 91 115 130
9 16 97 86 213 220
9 16 98 86 198 212
8 9 86 99 230 238
9 17 86 99 68 85
10 17 99 86 197 207
8 9 86 100 216 229
9 17 86 100 66 67
10 17 100 86 186 196
7 9 106 86 50 67
3 18 86 106 167 185
3 18 86 107 164 166
2 18 86 108 117 136
4 18 86 109 252 255
4 18 86 110 237 251
1 18 86 111 146 166
5 18 86 116 228 250
12 18 117 86 77 96
10 16 119 86 39 50
7 11 86 120 9 18
10 16 120 86 33 38
7 11 86 121 2 8
6 19 86 126 163 184
7 12 86 132 141 161
4 19 86 135 8 25
5 19 86 139 3 3
7 20 86 139 47 65
5 19 86 140 4 19
2 11 86 141 203 225
1 11 86 145 239 255
9 19 86 159 160 180
10 15 174 86 106 120
10 15 175 86 121 125
7 10 87 91 108 114
7 10 87 92 94 107
9 16 98 87 182 197
9 16 99 87 176 181
8 9 87 100 196 215
9 17 87 100 47 65
10 17 100 87 164 185
8 9 87 101 193 195
7 9 106 87 43 49
7 9 107 87 31 42
3 18 87 107 143 163
2 18 87 108 96 116
4 18 87 110 214 236
1 18 87 111 125 145
5 18 87 116 204 227
12 18 117 87 58 76
10 16 120 87 14 32
7 11 87 121 0 1
6 19 87 126 142 162
7 12 87 132 120 140
4 19 87 135 0 7
7 20 87 138 28 45
13 14 139 87 238 247
5 19 87 139 0 2
7 20 87 139 46 46
2 11 87 140 181 199
13 14 140 87 248 255
2 11 87 141 200 202
3 11 87 141 238 255
1 11 87 145 216 238
9 19 87 158 138 158
9 19 87 159 159 159
2 20 87 165 254 255
10 15 173 87 86 102
10 15 174 87 103 105
7 10 88 92 85 93
7 10 88 93 74 84
9 16 99 88 153 175
9 17 88 100 40 46
8 9 88 101 170 192
9 17 88 101 28 39
10 17 101 88 141 163
7 9 107 88 12 30
3 18 88 107 125 142
2 18 88 108 95 95
3 18 88 108 121 124
2 18 88 109 75 94
4 18 88 110 199 213
1 18 88 111 115 124
4 18 88 111 190 198
1 18 88 112 104 114
5 18 88 116 181 203
12 18 117 88 45 57
12 18 118 88 38 44
10 16 120 88 0 13
6 19 88 126 120 141
7 12 88 131 99 111
7 12 88 132 112 119
7 20 88 138 10 27
13 14 139 88 214 237
2 11 88 140 158 180
3 11 88 140 214 222
3 11 88 141 223 237
1 11 88 144 192 209
1 11 88 145 210 215
9 19 88 157 117 129
9 19 88 158 130 137
2 20 88 164 230 253
10 15 171 88 65 65
10 15 172 88 66 84
10 15 173 88 85 85
7 10 89 93 62 73
7 10 89 94 53 61
9 16 99 89 151 152
9 16 100 89 131 150
8 9 89 101 162 169
9 17 89 101 12 27
10 17 101 89 131 140
8 9 89 102 147 161
9 17 89 102 9 11
10 17 102 89 119 130
7 9 107 89 7 11
7 9 108 89 0 6
3 18 89 108 99 120
2 18 89 109 55 74
4 18 89 111 167 189
1 18 89 112 82 103
5 18 89 116 177 180
5 18 89 117 158 176
12 18 118 89 19 37
6 19 89 126 98 119
7 12 89 131 77 98
7 20 89 138 0 9
13 14 139 89 190 213
2 11 89 140 135 157
3 11 89 140 190 213
1 11 89 144 169 191
9 19 89 156 95 99
9 19 89 157 100 116
9 15 160 89 233 246
9 15 161 89 247 255
2 20 89 163 206 226
2 20 89 164 227 229
1 20 89 168 245 252
1 20 89 169 253 255
10 15 170 89 45 47
10 15 171 89 48 64
7 10 90 94 39 52
7 10 90 95 33 38
9 16 100 90 119 130
9 16 101 90 108 118
8 9 90 102 129 146
9 17 90 102 0 8
10 17 102 90 99 118
8 9 90 103 124 128
10 17 103 90 97 98
3 18 90 108 84 98
2 18 90 109 52 54
3 18 90 109 78 83
2 18 90 110 34 51
4 18 90 111 145 166
1 18 90 112 64 81
4 18 90 112 143 144
1 18 90 113 61 63
5 18 90 117 135 157
12 18 118 90 0 18
6 19 90 126 77 97
7 12 90 131 56 76
2 11 90 139 113 124
13 14 139 90 166 189
2 11 90 140 125 134
3 11 90 140 166 189
1 11 90 143 145 151
1 11 90 144 152 168
4 11 90 146 247 255
5 11 90 152 236 255
9 19 90 156 74 94
9 15 159 90 208 216
9 15 160 90 217 232
2 20 90 162 181 199
2 20 90 163 200 205
3 20 90 164 243 255
1 20 90 167 219 227
1 20 90 168 228 244
10 15 169 90 25 28
10 15 170 90 29 44
7 10 91 95 16 32
7 10 91 96 13 15
9 16 101 91 88 107
9 16 102 91 86 87
8 9 91 103 101 123
10 17 103 91 75 96
3 18 91 109 56 77
2 18 91 110 14 33
4 18 91 112 120 142
1 18 91 113 40 60
5 18 91 117 112 134
11 18 124 91 255 255
6 19 91 126 55 76
7 12 91 131 35 55
13 14 138 91 142 161
2 11 91 139 90 112
3 11 91 139 142 145
13 14 139 91 162 165
3 11 91 140 146 165
1 11 91 143 122 144
4 11 91 145 221 229
4 11 91 146 230 246
5 11 91 151 210 232
5 11 91 152 233 235
9 19 91 155 52 70
9 19 91 156 71 73
9 15 158 91 183 186
9 15 159 91 187 207
2 20 91 161 157 172
2 20 91 162 173 180
3 20 91 163 217 234
3 20 91 164 235 242
1 20 91 166 194 203
1 20 91 167 204 218
10 15 168 91 5 10
10 15 169 91 11 24
7 10 92 96 0 12
9 16 102 92 63 85
8 9 92 103 95 100
10 17 103 92 66 74
8 9 92 104 78 94
10 17 104 92 53 65
2 10 92 108 248 255
2 10 92 109 232 247
3 18 92 109 42 55
2 18 92 110 10 13
3 18 92 110 34 41
2 18 92 111 0 9
4 18 92 112 96 119
1 18 92 113 19 39
5 18 92 117 98 111
5 18 92 118 88 97
11 18 124 92 228 254
6 19 92 126 34 54
6 9 128 92 238 255
7 12 92 131 14 34
13 14 138 92 118 141
2 11 92 139 68 89
3 11 92 139 118 141
1 11 92 143 99 121
4 11 92 145 195 220
5 11 92 150 185 191
5 11 92 151 192 209
9 19 92 154 30 41
9 19 92 155 42 51
9 15 158 92 158 182
2 20 92 160 132 145
2 20 92 161 146 156
3 20 92 162 191 207
3 20 92 163 208 216
1 20 92 165 168 179
1 20 92 166 180 193
10 15 168 92 0 4
9 16 102 93 57 62
9 16 103 93 41 56
8 9 93 104 61 77
10 17 104 93 33 52
8 9 93 105 55 60
10 17 105 93 30 32
2 10 93 109 205 231
3 18 93 110 13 33
1 10 93 112 249 255
4 18 93 112 92 95
1 18 93 113 12 18
4 18 93 113 73 91
1 18 93 114 0 11
5 18 93 118 65 87
11 18 124 93 201 227
6 19 93 126 12 33
6 9 128 93 211 237
7 12 93 131 0 13
2 11 93 138 45 49
13 14 138 93 94 117
2 11 93 139 50 67
3 11 93 139 94 117
1 11 93 142 75 94
1 11 93 143 95 98
4 11 93 144 168 174
4 11 93 145 175 194
5 11 93 150 159 184
9 19 93 153 9 11
9 19 93 154 12 29
2 12 93 155 243 255
9 15 157 93 133 155
9 15 158 93 156 157
2 20 93 159 108 118
2 20 93 160 119 131
3 20 93 161 165 180
3 20 93 162 181 190
1 20 93 164 143 154
1 20 93 165 155 167
4 20 93 169 254 255
5 20 93 175 242 255
9 16 103 94 26 40
9 16 104 94 18 25
8 9 94 105 33 54
10 17 105 94 8 29
3 10 94 108 247 255
2 10 94 109 197 204
2 10 94 110 178 196
3 18 94 110 0 12
1 10 94 113 220 248
4 18 94 113 50 72
5 18 94 118 42 64
11 18 124 94 173 200
6 19 94 126 0 11
6 9 128 94 183 210
13 14 137 94 70 76
2 11 94 138 22 44
13 14 138 94 77 93
3 11 94 139 70 93
1 11 94 142 52 74
4 11 94 144 142 167
5 11 94 149 133 150
5 11 94 150 151 158
9 19 94 153 0 8
2 12 94 154 215 225
2 12 94 155 226 242
9 15 156 94 108 125
9 15 157 94 126 132
2 20 94 158 83 90
2 20 94 159 91 107
3 20 94 160 139 152
3 20 94 161 153 164
1 20 94 163 118 130
1 20 94 164 131 142
4 20 94 168 225 236
4 20 94 169 237 253
5 20 94 173 214 216
5 20 94 174 217 237
5 20 94 175 238 241
6 18 95 98 249 255
9 16 104 95 0 17
8 9 95 105 27 32
10 17 105 95 1 7
8 9 95 106 10 26
10 17 106 95 0 0
3 10 95 108 232 246
3 10 95 109 218 231
2 10 95 110 150 177
1 10 95 113 192 219
4 18 95 113 38 49
4 18 95 114 26 37
5 18 95 118 19 41
11 18 124 95 146 172
6 9 128 95 156 182
9 18 95 134 243 255
13 14 137 95 46 69
2 11 95 138 0 21
3 11 95 138 46 68
3 11 95 139 69 69
1 11 95 141 28 37
1 11 95 142 38 51
4 11 95 143 116 119
4 11 95 144 120 141
5 11 95 148 107 109
5 11 95 149 110 132
2 12 95 153 186 188
2 12 95 154 189 214
9 15 155 95 82 95
9 15 156 95 96 107
2 20 95 157 59 63
2 20 95 158 64 82
1 12 95 159 231 255
3 20 95 159 113 125
3 20 95 160 126 138
1 20 95 162 92 106
1 20 95 163 107 117
4 20 95 167 196 212
4 20 95 168 213 224
5 20 95 172 185 195
5 20 95 173 196 213
6 18 96 98 231 248
6 18 96 99 218 230
8 9 96 106 0 9
3 10 96 109 188 217
2 10 96 110 147 149
2 10 96 111 123 146
1 10 96 113 185 191
1 10 96 114 163 184
4 18 96 114 3 25
5 18 96 118 18 18
5 18 96 119 0 17
11 18 124 96 119 145
6 9 128 96 128 155
9 18 96 134 213 242
13 14 137 96 22 45
3 11 96 138 22 45
1 11 96 141 5 27
4 11 96 143 90 115
5 11 96 148 81 106
2 12 96 153 158 185
3 12 96 154 229 236
9 15 154 96 57 65
3 12 96 155 237 255
9 15 155 96 66 81
2 20 96 156 35 36
2 20 96 157 37 58
1 12 96 158 202 227
3 20 96 158 87 98
1 12 96 159 228 230
3 20 96 159 99 112
1 20 96 161 67 81
1 20 96 162 82 91
4 20 96 166 168 188
4 20 96 167 189 195
5 20 96 171 157 174
5 20 96 172 175 184
6 18 97 99 198 217
6 18 97 100 188 197
3 10 97 109 182 187
3 10 97 110 159 181
2 10 97 111 96 122
1 10 97 114 135 162
4 18 97 114 0 2
5 10 97 119 246 255
11 18 124 97 92 118
6 9 128 97 101 127
9 18 97 133 183 190
9 18 97 134 191 212
13 14 137 97 0 21
3 11 97 138 0 21
1 11 97 141 0 4
4 11 97 142 64 64
4 11 97 143 65 89
5 11 97 147 55 68
5 11 97 148 69 80
2 12 97 152 130 152
2 12 97 153 153 157
3 12 97 153 198 199
9 15 153 97 32 34
3 12 97 154 200 228
9 15 154 97 35 56
2 20 97 156 10 34
1 12 97 157 172 195
3 20 97 157 61 70
1 12 97 158 196 201
3 20 97 158 71 86
1 20 97 160 41 57
1 20 97 161 58 66
4 20 97 164 139 140
4 20 97 165 141 164
4 20 97 166 165 167
5 20 97 169 129 132
5 20 97 170 133 153
5 20 97 171 154 156
6 18 98 100 165 187
6 18 98 101 158 164
3 10 98 110 133 158
3 10 98 111 130 132
2 10 98 112 69 95
4 10 98 113 227 255
1 10 98 114 122 134
1 10 98 115 106 121
5 10 98 119 214 245
11 18 124 98 65 91
6 9 128 98 74 100
9 18 98 133 153 182
4 11 98 142 37 63
5 11 98 147 29 54
2 12 98 151 101 116
2 12 98 152 117 129
3 12 98 153 168 197
9 15 153 98 7 31
2 20 98 155 0 9
1 12 98 156 142 164
3 20 98 156 35 43
1 12 98 157 165 171
3 20 98 157 44 60
1 20 98 159 16 32
1 20 98 160 33 40
4 20 98 163 110 116
4 20 98 164 117 138
5 20 98 168 101 111
5 20 98 169 112 128
6 18 99 101 133 157
6 18 99 102 128 132
3 10 99 111 100 129
2 10 99 112 46 68
2 9 113 99 233 255
2 10 99 113 41 45
4 10 99 113 226 226
4 10 99 114 194 225
3 9 115 99 232 255
1 10 99 115 78 105
3 9 116 99 222 231
5 10 99 120 182 213
11 18 124 99 41 64
11 18 125 99 38 40
6 9 128 99 46 73
9 18 99 133 123 152
4 11 99 142 11 36
5 11 99 146 3 26
5 11 99 147 27 28
2 12 99 150 73 80
2 12 99 151 81 100
3 12 99 152 137 163
9 15 152 99 0 4
3 12 99 153 164 167
9 15 153 99 5 6
1 12 99 155 112 132
3 20 99 155 8 16
1 12 99 156 133 141
3 20 99 156 17 34
1 20 99 158 0 8
1 20 99 159 9 15
4 12 99 160 240 255
4 20 99 162 82 92
4 20 99 163 93 109
5 12 99 165 226 239
5 12 99 166 240 255
5 20 99 167 72 90
5 20 99 168 91 100
6 18 100 102 100 127
6 18 100 103 97 99
3 10 100 111 83 99
3 10 100 112 71 82
2 9 113 100 200 232
2 10 100 113 14 40
2 9 114 100 199 199
4 10 100 114 161 193
1 10 100 115 58 77
3 9 116 100 189 221
1 10 100 116 49 57
5 10 100 120 150 181
11 18 125 100 11 37
6 9 128 100 19 45
9 18 100 133 93 122
6 11 100 134 229 255
4 11 100 141 0 9
4 11 100 142 10 10
5 11 100 146 0 2
2 12 100 150 45 72
3 12 100 151 107 126
3 12 100 152 127 136
1 12 100 154 83 101
1 12 100 155 102 111
3 20 100 155 0 7
4 12 100 158 206 207
4 12 100 159 208 238
4 12 100 160 239 239
4 20 100 161 53 68
4 20 100 162 69 81
5 12 100 164 193 213
5 12 100 165 214 225
5 20 100 165 44 49
5 20 100 166 50 70
5 20 100 167 71 71
9 11 100 169 223 233
9 11 100 170 234 255
6 18 101 103 67 96
6 10 107 101 251 255
3 10 101 112 42 70
2 10 101 113 0 13
2 9 114 101 165 198
4 10 101 114 160 160
4 10 101 115 129 159
3 9 116 101 155 188
1 10 101 116 21 48
5 10 101 120 117 149
11 18 125 101 0 10
6 9 128 101 0 18
9 18 101 133 63 92
6 11 101 134 194 228
2 12 101 149 16 43
2 12 101 150 44 44
3 12 101 150 76 89
3 12 101 151 90 106
1 12 101 153 53 69
1 12 101 154 70 82
4 12 101 157 171 176
4 12 101 158 177 205
4 20 101 160 24 44
4 20 101 161 45 52
5 12 101 162 159 161
5 12 101 163 162 187
5 12 101 164 188 192
5 20 101 164 16 28
5 20 101 165 29 43
9 11 101 168 188 210
9 11 101 169 211 222
6 18 102 104 37 66
12 19 102 105 247 255
12 19 102 106 223 246
6 10 107 102 241 250
6 10 108 102 213 240
3 10 102 112 34 41
3 10 102 113 12 33
2 9 114 102 135 164
2 9 115 102 131 134
4 10 102 115 96 128
1 10 102 116 0 20
3 9 117 102 122 154
5 10 102 120 102 116
5 10 102 121 85 101
9 18 102 133 33 62
6 11 102 134 159 193
2 12 102 148 0 7
2 12 102 149 8 15
3 12 102 149 45 53
3 12 102 150 54 75
1 12 102 152 23 37
1 12 102 153 38 52
4 12 102 156 137 145
4 12 102 157 146 170
4 20 102 159 0 20
4 20 102 160 21 23
5 12 102 161 125 135
5 12 102 162 136 158
5 20 102 163 0 7
5 20 102 164 8 15
9 11 102 166 153 163
9 11 102 167 164 186
9 11 102 168 187 187
6 18 103 104 34 36
6 18 103 105 7 33
12 19 103 106 203 222
12 19 103 107 185 202
6 10 108 103 193 212
6 10 109 103 176 192
3 10 103 113 0 11
1 9 114 103 238 255
1 9 115 103 231 237
2 9 115 103 97 130
4 10 103 115 93 95
4 10 103 116 64 92
3 9 117 103 88 121
5 10 103 121 53 84
9 18 103 132 2 21
6 11 103 133 124 132
9 18 103 133 22 32
6 11 103 134 133 158
3 12 103 148 15 16
3 12 103 149 17 44
1 12 103 151 0 6
1 12 103 152 7 22
10 19 103 152 238 255
4 12 103 155 103 114
4 12 103 156 115 136
6 20 103 157 236 252
6 20 103 158 253 255
5 12 103 160 91 109
5 12 103 161 110 124
9 11 103 165 118 140
9 11 103 166 141 152
9 20 103 192 229 236
9 20 103 193 237 251
9 20 103 194 252 255
6 18 104 105 2 6
6 18 104 106 0 1
12 19 104 107 160 184
12 19 104 108 148 159
6 10 109 104 145 175
6 10 110 104 139 144
1 9 115 104 192 230
2 9 115 104 71 96
2 9 116 104 63 70
4 10 104 116 31 63
3 9 117 104 78 87
3 9 118 104 55 77
4 9 119 104 217 255
5 10 104 121 21 52
9 18 104 132 0 1
6 11 104 133 89 123
3 12 104 148 0 14
10 19 104 151 198 222
10 19 104 152 223 237
4 12 104 154 69 83
4 12 104 155 84 102
6 20 104 156 196 218
6 20 104 157 219 235
5 12 104 159 58 83
5 12 104 160 84 90
9 11 104 163 83 93
9 11 104 164 94 116
9 11 104 165 117 117
9 20 104 189 190 191
9 20 104 190 192 206
9 20 104 191 207 221
9 20 104 192 222 228
12 19 105 108 116 147
12 19 105 109 110 115
6 10 110 105 102 138
1 9 115 105 166 191
1 9 116 105 152 165
2 9 116 105 29 62
4 10 105 116 27 30
4 10 105 117 0 26
3 9 118 105 21 54
4 9 119 105 176 216
5 10 105 121 0 20
6 11 105 133 54 88
7 8 143 105 228 232
7 8 144 105 233 255
10 19 105 150 159 182
10 19 105 151 183 197
4 12 105 153 35 52
4 12 105 154 53 68
6 20 105 155 157 185
6 20 105 156 186 195
5 12 105 157 24 31
5 12 105 158 32 57
9 11 105 162 49 70
9 11 105 163 71 82
9 20 105 187 150 161
9 20 105 188 162 176
9 20 105 189 177 189
12 19 106 109 73 109
6 10 110 106 98 101
6 10 111 106 65 97
1 9 116 106 113 151
2 9 116 106 6 28
2 9 117 106 0 5
3 9 118 106 0 20
4 9 119 106 162 175
4 9 120 106 136 161
6 11 106 133 19 53
7 8 143 106 185 227
10 19 106 149 119 141
10 19 106 150 142 158
4 12 106 152 0 22
4 12 106 153 23 34
6 20 106 153 117 118
6 20 106 154 119 151
6 20 106 155 152 156
5 12 106 156 0 5
5 12 106 157 6 23
9 11 106 160 14 23
9 11 106 161 24 46
9 11 106 162 47 48
9 20 106 184 111 116
9 20 106 185 117 131
9 20 106 186 132 146
9 20 106 187 147 149
12 19 107 109 72 72
12 19 107 110 35 71
6 10 111 107 50 64
6 10 112 107 27 49
1 9 116 107 94 112
1 9 117 107 74 93
4 9 120 107 95 135
6 11 107 133 0 18
9 10 107 137 232 254
9 10 107 138 255 255
7 8 142 107 142 169
7 8 143 107 170 184
10 19 107 148 79 100
10 19 107 149 101 118
6 20 107 152 77 84
6 20 107 153 85 116
9 11 107 159 0 0
9 11 107 160 1 13
9 20 107 182 72 85
9 20 107 183 86 100
9 20 107 184 101 110
12 19 108 110 29 34
12 19 108 111 0 28
6 10 112 108 3 26
6 10 113 108 0 2
1 9 117 108 34 73
4 9 120 108 56 94
4 9 121 108 55 55
9 10 108 137 185 231
7 8 141 108 99 107
7 8 142 108 108 141
10 19 108 147 39 59
10 19 108 148 60 78
6 20 108 151 38 51
6 20 108 152 52 76
9 20 108 179 32 40
9 20 108 180 41 55
9 20 108 181 56 70
9 20 108 182 71 71
9 12 108 184 252 255
12 14 217 108 237 247
12 14 218 108 248 255
1 9 117 109 22 33
1 9 118 109 0 21
4 9 121 109 14 54
9 10 109 136 138 150
16 17 109 136 209 209
9 10 109 137 151 184
16 17 109 137 210 255
7 8 141 109 57 98
10 19 109 146 0 19
6 12 109 147 210 213
10 19 109 147 20 38
6 12 109 148 214 255
6 20 109 150 0 17
6 20 109 151 18 37
9 20 109 177 0 10
9 20 109 178 11 25
9 20 109 179 26 31
9 12 109 181 201 202
9 12 109 182 203 220
9 12 109 183 221 237
9 12 109 184 238 251
12 14 212 109 187 192
12 14 213 109 193 203
12 14 214 109 204 214
12 14 215 109 215 225
12 14 216 109 226 236
5 9 118 110 225 255
5 9 119 110 208 224
4 9 121 110 0 13
9 10 110 136 91 137
16 17 110 136 158 208
7 8 140 110 14 44
7 8 141 110 45 56
6 12 110 146 159 164
6 12 110 147 165 209
9 12 110 179 151 167
9 12 110 180 168 185
9 12 110 181 186 200
12 14 207 110 137 137
12 14 208 110 138 148
12 14 209 110 149 159
12 14 210 110 160 170
12 14 211 110 171 181
12 14 212 110 182 186
5 9 119 111 154 207
11 19 111 119 242 255
11 19 111 120 199 241
9 10 111 135 43 45
9 10 111 136 46 90
16 17 111 136 107 157
7 8 140 111 0 13
6 12 111 145 108 116
6 12 111 146 117 158
9 12 111 176 100 114
9 12 111 177 115 132
9 12 111 178 133 149
9 12 111 179 150 150
12 14 203 111 87 93
12 14 204 111 94 104
12 14 205 111 105 115
12 14 206 111 116 126
12 14 207 111 127 136
5 9 119 112 124 153
5 9 120 112 100 123
11 19 112 120 143 198
2 6 112 135 252 255
9 10 112 135 0 42
16 17 112 135 56 98
16 17 112 136 99 106
6 12 112 144 57 67
6 12 112 145 68 107
7 14 171 112 238 255
9 12 112 173 50 62
9 12 112 174 63 79
9 12 112 175 80 97
9 12 112 176 98 99
12 14 198 112 38 38
12 14 199 112 39 49
12 14 200 112 50 60
12 14 201 112 61 71
12 14 202 112 72 82
12 14 203 112 83 86
5 9 120 113 47 99
11 19 113 120 127 142
11 19 113 121 86 126
2 6 113 135 189 251
16 17 113 135 5 55
6 12 113 143 6 18
6 12 113 144 19 56
7 14 168 113 175 192
7 14 169 113 193 214
9 12 113 170 0 9
7 14 170 113 215 237
9 12 113 171 10 27
9 12 113 172 28 44
9 12 113 173 45 49
12 14 195 113 0 5
12 14 196 113 6 16
12 14 197 113 17 27
12 14 198 113 28 37
5 9 120 114 23 46
5 9 121 114 0 22
11 19 114 121 29 85
2 6 114 134 125 187
2 6 114 135 188 188
16 17 114 135 0 4
1 6 114 139 225 255
6 12 114 143 0 5
7 14 165 114 112 123
7 14 166 114 124 146
7 14 167 114 147 169
7 14 168 114 170 174
16 19 114 203 216 225
16 19 114 204 226 237
16 19 114 205 238 250
16 19 114 206 251 255
11 19 115 121 12 28
11 19 115 122 0 11
2 6 115 134 61 124
3 6 115 134 219 231
3 6 115 135 232 255
1 6 115 138 154 207
1 6 115 139 208 224
18 19 115 155 215 240
18 19 115 156 241 255
7 14 162 115 50 54
7 14 163 115 55 77
7 14 164 115 78 100
7 14 165 115 101 111
16 19 115 197 146 148
16 19 115 198 149 161
16 19 115 199 162 174
16 19 115 200 175 187
16 19 115 201 188 199
16 19 115 202 200 212
16 19 115 203 213 215
10 18 116 124 222 255
10 18 116 125 221 221
2 6 116 133 0 45
2 6 116 134 46 60
3 6 116 134 143 218
1 6 116 137 83 117
1 6 116 138 118 153
18 19 116 153 139 169
18 19 116 154 170 205
18 19 116 155 206 214
7 14 160 116 0 8
7 14 161 116 9 31
7 14 162 116 32 49
16 19 116 192 75 85
16 19 116 193 86 97
16 19 116 194 98 110
16 19 116 195 111 123
16 19 116 196 124 136
16 19 116 197 137 145
2 5 122 117 243 255
2 5 123 117 229 242
3 5 125 117 202 255
10 18 117 125 138 220
3 6 117 133 66 83
3 6 117 134 84 142
1 6 117 136 12 28
1 6 117 137 29 82
18 19 117 150 63 63
18 19 117 151 64 98
18 19 117 152 99 134
18 19 117 153 135 138
16 19 117 186 5 8
16 19 117 187 9 21
16 19 117 188 22 34
16 19 117 189 35 47
16 19 117 190 48 59
16 19 117 191 60 72
16 19 117 192 73 74
2 5 123 118 137 228
3 5 125 118 112 201
10 18 118 125 55 137
3 6 118 133 0 65
1 6 118 136 0 11
4 6 118 140 248 255
5 6 118 145 208 240
5 6 118 146 241 255
18 19 118 149 0 27
18 19 118 150 28 62
16 19 118 186 0 4
2 5 123 119 65 136
2 5 124 119 45 64
3 5 125 119 91 111
10 18 119 125 0 54
3 5 126 119 23 90
4 6 119 138 145 154
4 6 119 139 155 239
4 6 119 140 240 247
5 6 119 143 109 128
5 6 119 144 129 184
5 6 119 145 185 207
2 5 124 120 0 44
3 5 126 120 0 22
4 6 120 137 41 69
4 6 120 138 70 144
5 6 120 141 9 17
5 6 120 142 18 73
5 6 120 143 74 108
1 5 124 121 221 255
4 6 121 137 0 40
5 6 121 141 0 8
10 11 121 157 130 152
10 11 121 158 153 182
10 11 121 159 183 212
10 11 121 160 213 242
10 11 121 161 243 255
6 8 169 121 200 211
6 8 170 121 212 234
6 8 171 121 235 255
2 4 122 123 211 255
2 4 122 124 176 210
1 5 124 122 143 220
1 5 125 122 74 142
4 5 128 122 162 255
12 20 122 137 237 255
10 11 122 152 0 1
10 11 122 153 2 32
10 11 122 154 33 62
10 11 122 155 63 92
10 11 122 156 93 122
10 11 122 157 123 129
6 8 163 122 56 74
6 8 164 122 75 97
6 8 165 122 98 120
6 8 166 122 121 142
6 8 167 122 143 165
6 8 168 122 166 188
6 8 169 122 189 199
11 14 222 122 205 209
11 14 223 122 210 219
11 14 224 122 220 229
11 14 225 122 230 239
11 14 226 122 240 249
11 14 227 122 250 255
2 4 123 124 10 175
3 4 125 123 151 255
1 5 125 123 0 73
4 5 128 123 0 161
12 20 123 135 60 69
12 20 123 136 70 176
12 20 123 137 177 236
6 8 160 123 0 5
6 8 161 123 6 28
6 8 162 123 29 51
6 8 163 123 52 55
11 14 205 123 34 39
11 14 206 123 40 49
11 14 207 123 50 59
11 14 208 123 60 69
11 14 209 123 70 79
11 14 210 123 80 89
11 14 211 123 90 99
11 14 212 123 100 109
11 14 213 123 110 119
11 14 214 123 120 129
11 14 215 123 130 139
11 14 216 123 140 149
11 14 217 123 150 159
11 14 218 123 160 169
11 14 219 123 170 179
11 14 220 123 180 189
11 14 221 123 190 199
11 14 222 123 200 204
2 4 124 124 1 9
2 4 124 125 0 0
3 4 125 124 0 150
1 4 124 127 61 255
12 20 124 135 0 59
10 20 124 175 95 101
10 20 124 176 102 119
10 20 124 177 120 136
10 20 124 178 137 154
10 20 124 179 155 171
10 20 124 180 172 189
10 20 124 181 190 207
10 20 124 182 208 224
10 20 124 183 225 242
10 20 124 184 243 255
11 14 202 124 0 9
11 14 203 124 10 19
11 14 204 124 20 29
11 14 205 124 30 33
1 4 125 127 18 60
2 3 125 128 228 255
1 4 125 128 0 17
10 20 125 170 0 13
10 20 125 171 14 31
10 20 125 172 32 48
10 20 125 173 49 66
10 20 125 174 67 83
10 20 125 175 84 94
2 3 126 128 0 227
1 3 127 131 0 57
1 3 127 132 58 255
16 18 127 165 0 8
16 18 127 166 9 28
16 18 127 167 29 48
16 18 127 168 49 67
16 18 127 169 68 87
16 18 127 170 88 107
16 18 127 171 108 127
16 18 127 172 128 147
16 18 127 173 148 167
16 18 127 174 168 186
16 18 127 175 187 206
16 18 127 176 207 226
16 18 127 177 227 246
16 18 127 178 247 255
2 8 149 128 0 28
2 8 150 128 29 64
2 8 151 128 65 99
3 8 151 128 0 29
2 8 152 128 100 135
3 8 152 128 30 61
2 8 153 128 136 170
3 8 153 128 62 94
2 8 154 128 171 206
3 8 154 128 95 126
2 8 155 128 207 242
3 8 155 128 127 159
2 8 156 128 243 255
3 8 156 128 160 192
3 8 157 128 193 224
3 8 158 128 225 255
6 14 181 128 0 12
6 14 182 128 13 26
6 14 183 128 27 40
6 14 184 128 41 54
6 14 185 128 55 68
6 14 186 128 69 82
6 14 187 128 83 96
6 14 188 128 97 110
6 14 189 128 111 124
6 14 190 128 125 138
6 14 191 128 139 152
6 14 192 128 153 166
6 14 193 128 167 180
6 14 194 128 181 194
6 14 195 128 195 208
6 14 196 128 209 222
6 14 197 128 223 236
6 14 198 128 237 250
6 14 199 128 251 255
1 2 129 131 0 119
1 2 129 132 120 180
10 12 129 163 0 12
10 12 129 164 13 34
10 12 129 165 35 55
10 12 129 166 56 76
10 12 129 167 77 97
10 12 129 168 98 118
10 12 129 169 119 139
10 12 129 170 140 160
10 12 129 171 161 181
10 12 129 172 182 202
10 12 129 173 203 223
10 12 129 174 224 244
10 12 129 175 245 255
1 2 130 132 181 255
11 20 130 145 0 8
11 20 130 146 9 22
11 20 131 146 23 50
11 20 131 147 51 93
11 20 131 148 94 135
11 20 131 149 136 178
1 8 150 131 0 20
11 20 131 150 179 220
1 8 151 131 21 53
11 20 131 151 221 255
1 8 152 131 54 87
1 8 153 131 88 102
1 8 153 132 103 121
4 8 153 132 0 10
1 8 154 132 122 154
4 8 154 132 11 40
1 8 155 132 155 188
4 8 155 132 41 69
1 8 156 132 189 221
4 8 156 132 70 98
1 8 157 132 222 255
4 8 157 132 99 127
4 8 158 132 128 157
4 8 159 132 158 186
4 8 160 132 187 193
17 19 132 179 0 4
17 19 132 180 5 18
17 19 132 181 19 33
17 19 132 182 34 47
17 19 132 183 48 62
17 19 132 184 63 76
17 19 132 185 77 90
17 19 132 186 91 97
8 14 148 133 0 3
4 8 160 133 194 215
4 8 161 133 216 244
4 8 162 133 245 255
3 14 171 133 0 9
3 14 172 133 10 26
3 14 173 133 27 28
17 19 133 186 98 105
17 19 133 187 106 119
17 19 133 188 120 133
17 19 133 189 134 148
17 19 133 190 149 162
17 19 133 191 163 176
17 19 133 192 177 191
17 19 133 193 192 205
17 19 133 194 206 220
17 19 133 195 221 234
17 19 133 196 235 248
17 19 133 197 249 255
16 20 133 210 0 8
16 20 133 211 9 17
16 20 133 212 18 26
16 20 133 213 27 36
16 20 133 214 37 45
16 20 133 215 46 54
16 20 133 216 55 63
16 20 133 217 64 72
16 20 133 218 73 77
8 14 148 134 4 6
8 14 149 134 7 42
8 14 150 134 43 78
8 14 151 134 79 114
8 14 152 134 115 138
2 14 169 134 0 8
2 14 170 134 9 26
2 14 171 134 27 44
2 14 172 134 45 62
18 20 134 172 0 1
2 14 173 134 63 80
3 14 173 134 29 43
18 20 134 173 2 17
2 14 174 134 81 98
3 14 174 134 44 61
18 20 134 174 18 34
2 14 175 134 99 116
3 14 175 134 62 78
18 20 134 175 35 50
2 14 176 134 117 128
3 14 176 134 79 95
18 20 134 176 51 67
3 14 177 134 96 112
18 20 134 177 68 83
3 14 178 134 113 129
18 20 134 178 84 97
3 14 179 134 130 146
3 14 180 134 147 163
3 14 181 134 164 167
16 20 134 218 78 81
16 20 134 219 82 90
16 20 134 220 91 99
16 20 134 221 100 108
16 20 134 222 109 117
16 20 134 223 118 126
16 20 134 224 127 135
16 20 134 225 136 144
16 20 134 226 145 153
16 20 134 227 154 162
16 20 134 228 163 171
16 20 134 229 172 180
16 20 134 230 181 189
16 20 134 231 190 198
16 20 134 232 199 207
16 20 134 233 208 216
16 20 134 234 217 224
11 12 135 138 0 3
11 12 135 139 4 73
11 12 135 140 74 101
8 14 152 135 139 150
8 14 153 135 151 186
8 14 154 135 187 223
8 14 155 135 224 255
2 14 176 135 129 134
2 14 177 135 135 151
2 14 178 135 152 169
18 20 135 178 98 100
2 14 179 135 170 187
18 20 135 179 101 117
2 14 180 135 188 205
18 20 135 180 118 133
2 14 181 135 206 223
3 14 181 135 168 181
18 20 135 181 134 150
2 14 182 135 224 241
3 14 182 135 182 198
18 20 135 182 151 166
2 14 183 135 242 255
3 14 183 135 199 215
18 20 135 183 167 183
3 14 184 135 216 232
18 20 135 184 184 199
3 14 185 135 233 249
18 20 135 185 200 216
3 14 186 135 250 255
18 20 135 186 217 225
16 20 135 234 225 225
16 20 135 235 226 234
16 20 135 236 235 243
16 20 135 237 244 252
16 20 135 238 253 255
11 12 136 140 102 144
11 12 136 141 145 213
5 8 153 136 0 19
5 8 154 136 20 38
18 20 136 186 226 232
18 20 136 187 233 249
18 20 136 188 250 255
11 12 137 141 214 214
11 12 137 142 215 255
2 7 137 145 0 10
2 7 137 146 11 48
5 8 154 137 39 49
5 8 155 137 50 79
5 8 156 137 80 108
5 8 157 137 109 129
1 14 170 137 0 4
1 14 171 137 5 22
1 14 172 137 23 39
1 14 173 137 40 56
4 14 173 137 0 0
1 14 174 137 57 74
4 14 174 137 1 16
1 14 175 137 75 82
4 14 175 137 17 32
4 14 176 137 33 38
2 7 138 146 49 53
2 7 138 147 54 95
1 7 138 148 0 8
2 7 138 148 96 131
1 7 138 149 9 27
5 8 157 138 130 138
5 8 158 138 139 168
5 8 159 138 169 197
5 8 160 138 198 221
1 14 175 138 83 91
1 14 176 138 92 109
4 14 176 138 39 49
1 14 177 138 110 126
4 14 177 138 50 65
1 14 178 138 127 144
4 14 178 138 66 81
1 14 179 138 145 161
4 14 179 138 82 97
1 14 180 138 162 168
4 14 180 138 98 113
4 14 181 138 114 119
3 7 139 145 0 21
3 7 139 146 22 46
2 7 139 148 132 138
1 7 139 149 28 45
2 7 139 149 139 181
1 7 139 150 46 81
2 7 139 150 182 213
1 7 139 151 82 100
5 8 160 139 222 227
5 8 161 139 228 255
1 14 180 139 169 178
1 14 181 139 179 196
4 14 181 139 120 129
1 14 182 139 197 213
4 14 182 139 130 146
1 14 183 139 214 231
4 14 183 139 147 162
1 14 184 139 232 248
4 14 184 139 163 178
1 14 185 139 249 254
4 14 185 139 179 194
4 14 186 139 195 201
3 7 140 146 47 64
3 7 140 147 65 107
3 7 140 148 108 114
6 7 148 140 0 1
6 7 149 140 2 26
2 7 140 150 214 223
1 7 140 151 101 117
2 7 140 151 224 255
1 7 140 152 118 153
1 7 140 153 154 173
8 13 140 164 0 8
8 13 140 165 9 28
8 13 140 166 29 48
1 14 185 140 255 255
4 14 186 140 202 210
4 14 187 140 211 227
4 14 188 140 228 243
4 14 189 140 244 255
3 7 141 148 115 150
3 7 141 149 151 182
4 7 141 149 0 8
6 7 149 141 27 37
6 7 150 141 38 73
6 7 151 141 74 86
1 7 141 153 174 190
5 7 141 153 0 6
1 7 141 154 191 226
5 7 141 154 7 25
1 7 141 155 227 246
8 13 141 166 49 49
8 13 141 167 50 69
8 13 141 168 70 89
8 13 141 169 90 110
8 13 141 170 111 111
3 7 142 149 183 193
4 7 142 149 9 26
3 7 142 150 194 237
4 7 142 150 27 62
3 7 142 151 238 250
4 7 142 151 63 63
6 7 151 142 87 109
6 7 152 142 110 145
6 7 153 142 146 147
5 7 142 154 26 36
1 7 142 155 247 255
5 7 142 155 37 65
5 7 142 156 66 81
17 18 142 158 0 0
17 18 142 159 1 25
17 18 142 160 26 45
8 13 142 170 112 130
8 13 142 171 131 150
8 13 142 172 151 171
8 13 142 173 172 174
5 14 173 142 0 5
5 14 174 142 6 21
5 14 175 142 22 38
5 14 176 142 39 51
3 7 143 151 251 255
4 7 143 151 64 97
4 7 143 152 98 118
19 20 143 152 0 4
6 7 153 143 148 181
6 7 154 143 182 208
5 7 143 156 82 94
5 7 143 157 95 123
5 7 143 158 124 138
17 18 143 160 46 49
17 18 143 161 50 73
17 18 143 162 74 97
17 18 143 163 98 99
8 13 143 173 175 191
8 13 143 174 192 212
8 13 143 175 213 232
8 13 143 176 233 236
5 14 176 143 52 54
5 14 177 143 55 70
5 14 178 143 71 86
5 14 179 143 87 103
5 14 180 143 104 106
4 7 144 152 119 132
19 20 144 152 5 24
4 7 144 153 133 168
19 20 144 153 25 51
4 7 144 154 169 173
6 7 154 144 209 217
6 7 155 144 218 253
6 7 156 144 254 255
5 7 144 158 139 152
5 7 144 159 153 181
5 7 144 160 182 194
17 18 144 163 100 121
17 18 144 164 122 145
17 18 144 165 146 153
8 13 144 176 237 252
8 13 144 177 253 255
5 14 180 144 107 119
5 14 181 144 120 135
5 14 182 144 136 152
5 14 183 144 153 160
12 13 186 144 0 1
12 13 187 144 2 14
12 13 188 144 15 26
12 13 189 144 27 29
19 20 145 153 52 55
4 7 145 154 174 203
19 20 145 154 56 86
4 7 145 155 204 228
19 20 145 155 87 99
5 7 145 160 195 210
5 7 145 161 211 239
5 7 145 162 240 250
17 18 145 165 154 169
17 18 145 166 170 194
17 18 145 167 195 207
5 14 183 145 161 168
5 14 184 145 169 184
5 14 185 145 185 200
5 14 186 145 201 214
12 13 189 145 30 39
12 13 190 145 40 52
12 13 191 145 53 64
12 13 192 145 65 75
4 7 146 155 229 239
19 20 146 155 100 117
4 7 146 156 240 255
19 20 146 156 118 147
5 7 146 162 251 255
17 18 146 167 208 218
17 18 146 168 219 242
17 18 146 169 243 255
5 14 186 146 215 217
5 14 187 146 218 233
5 14 188 146 234 249
5 14 189 146 250 255
12 13 192 146 76 77
12 13 193 146 78 89
12 13 194 146 90 102
12 13 195 146 103 115
12 13 196 146 116 122
7 13 152 147 0 23
19 20 147 156 148 148
19 20 147 157 149 179
19 20 147 158 180 194
12 13 196 147 123 127
12 13 197 147 128 140
12 13 198 147 141 153
12 13 199 147 154 165
12 13 200 147 166 168
17 20 147 203 0 4
7 13 152 148 24 31
7 13 153 148 32 61
19 20 148 158 195 210
19 20 148 159 211 241
19 20 148 160 242 242
10 14 196 148 0 5
10 14 197 148 6 13
12 13 200 148 169 178
12 13 201 148 179 190
12 13 202 148 191 203
12 13 203 148 204 214
17 20 148 203 5 5
17 20 148 204 6 15
17 20 148 205 16 25
17 20 148 206 26 35
17 20 148 207 36 42
7 13 153 149 62 62
7 13 154 149 63 93
7 13 155 149 94 100
19 20 149 160 243 255
10 14 197 149 14 15
10 14 198 149 16 26
10 14 199 149 27 37
10 14 200 149 38 48
10 14 201 149 49 50
12 13 203 149 215 216
12 13 204 149 217 228
12 13 205 149 229 241
12 13 206 149 242 253
12 13 207 149 254 255
17 20 149 207 43 45
17 20 149 208 46 55
17 20 149 209 56 64
17 20 149 210 65 74
17 20 149 211 75 79
7 13 155 150 101 125
7 13 156 150 126 139
10 14 201 150 51 59
10 14 202 150 60 69
10 14 203 150 70 80
10 14 204 150 81 86
17 20 150 211 80 84
17 20 150 212 85 94
17 20 150 213 95 104
17 20 150 214 105 113
17 20 150 215 114 117
7 13 156 151 140 156
7 13 157 151 157 178
10 14 204 151 87 91
10 14 205 151 92 102
10 14 206 151 103 113
10 14 207 151 114 123
17 20 151 215 118 123
17 20 151 216 124 133
17 20 151 217 134 143
17 20 151 218 144 153
17 20 151 219 154 155
7 13 157 152 179 187
7 13 158 152 188 217
10 14 207 152 124 124
10 14 208 152 125 134
10 14 209 152 135 145
10 14 210 152 146 156
10 14 211 152 157 159
17 20 152 219 156 163
17 20 152 220 164 172
17 20 152 221 173 182
17 20 152 222 183 192
17 20 152 223 193 193
7 13 158 153 218 218
7 13 159 153 219 250
7 13 160 153 251 255
10 14 211 153 160 167
10 14 212 153 168 178
10 14 213 153 179 188
10 14 214 153 189 196
17 20 153 223 194 202
17 20 153 224 203 212
17 20 153 225 213 222
17 20 153 226 223 231
11 13 193 154 0 5
10 14 214 154 197 199
10 14 215 154 200 210
10 14 216 154 211 221
10 14 217 154 222 232
17 20 154 227 232 241
17 20 154 228 242 251
17 20 154 229 252 255
9 14 180 155 0 0
9 14 181 155 1 8
11 13 193 155 6 6
11 13 194 155 7 17
11 13 195 155 18 28
11 13 196 155 29 32
10 14 218 155 233 242
10 14 219 155 243 253
10 14 220 155 254 255
9 14 181 156 9 14
9 14 182 156 15 28
9 14 183 156 29 35
11 13 196 156 33 40
11 13 197 156 41 51
11 13 198 156 52 60
9 14 183 157 36 42
9 14 184 157 43 56
9 14 185 157 57 62
11 13 198 157 61 62
11 13 199 157 63 74
11 13 200 157 75 85
11 13 201 157 86 88
9 14 185 158 63 71
9 14 186 158 72 85
9 14 187 158 86 89
11 13 201 158 89 96
11 13 202 158 97 108
11 13 203 158 109 116
6 13 172 159 0 8
6 13 173 159 9 12
9 14 187 159 90 99
9 14 188 159 100 113
9 14 189 159 114 116
11 13 203 159 117 119
11 13 204 159 120 130
11 13 205 159 131 142
11 13 206 159 143 144
2 13 160 164 0 1
6 13 173 160 13 25
6 13 174 160 26 36
9 14 189 160 117 127
9 14 190 160 128 141
9 14 191 160 142 143
11 13 206 160 145 153
11 13 207 160 154 164
11 13 208 160 165 172
2 13 161 164 2 6
2 13 161 165 7 24
6 13 174 161 37 42
6 13 175 161 43 59
9 14 191 161 144 155
9 14 192 161 156 169
9 14 193 161 170 170
11 13 208 161 173 176
11 13 209 161 177 187
11 13 210 161 188 198
11 13 211 161 199 200
3 13 162 164 0 3
2 13 162 165 25 27
2 13 162 166 28 47
1 13 162 167 0 6
1 13 162 168 7 19
6 13 176 162 60 75
6 13 177 162 76 83
9 14 193 162 171 183
9 14 194 162 184 197
11 13 211 162 201 210
11 13 212 162 211 221
11 13 213 162 222 228
3 13 163 164 4 11
3 13 163 165 12 25
2 13 163 167 48 68
1 13 163 168 20 25
2 13 163 168 69 69
1 13 163 169 26 41
6 13 177 163 84 92
6 13 178 163 93 107
9 14 195 163 198 211
9 14 196 163 212 224
11 13 213 163 229 232
11 13 214 163 233 244
11 13 215 163 245 255
3 13 164 165 26 32
3 13 164 166 33 46
2 13 164 168 70 88
1 13 164 169 42 43
2 13 164 169 89 92
1 13 164 170 44 62
6 13 178 164 108 109
6 13 179 164 110 126
6 13 180 164 127 131
9 14 196 164 225 225
9 14 197 164 226 239
9 14 198 164 240 251
3 13 165 166 47 52
3 13 165 167 53 68
4 13 165 168 0 12
2 13 165 169 93 108
2 13 165 170 109 115
1 13 165 171 63 81
1 13 165 172 82 84
5 13 165 172 0 5
5 13 165 173 6 19
6 13 180 165 132 142
6 13 181 165 143 154
9 14 198 165 252 253
9 14 199 165 254 255
3 13 166 167 69 73
3 13 166 168 74 89
4 13 166 168 13 15
4 13 166 169 16 32
2 13 166 170 116 129
2 13 166 171 130 138
1 13 166 172 85 100
1 13 166 173 101 106
5 13 166 173 20 22
5 13 166 174 23 38
5 13 166 175 39 39
6 13 181 166 155 159
6 13 182 166 160 176
6 13 183 166 177 178
3 13 167 168 90 93
3 13 167 169 94 110
4 13 167 169 33 34
4 13 167 170 35 52
2 13 167 171 139 149
2 13 167 172 150 160
1 13 167 173 107 118
1 13 167 174 119 128
5 13 167 175 40 55
5 13 167 176 56 59
6 13 183 167 179 193
6 13 184 167 194 202
3 13 168 169 111 114
3 13 168 170 115 132
4 13 168 171 53 71
2 13 168 172 161 169
4 13 168 172 72 72
2 13 168 173 170 183
1 13 168 174 129 137
1 13 168 175 138 150
5 13 168 176 60 72
5 13 168 177 73 79
6 13 184 168 203 209
6 13 185 168 210 226
3 13 169 170 133 134
3 13 169 171 135 153
4 13 169 172 73 89
2 13 169 173 184 190
4 13 169 173 90 92
2 13 169 174 191 206
1 13 169 175 151 156
1 13 169 176 157 172
5 13 169 177 80 88
5 13 169 178 89 99
6 13 186 169 227 243
6 13 187 169 244 249
3 13 170 171 154 155
3 13 170 172 156 175
4 13 170 173 93 108
2 13 170 174 207 210
4 13 170 174 109 112
2 13 170 175 211 228
1 13 170 176 173 175
1 13 170 177 176 194
5 13 170 178 100 105
5 13 170 179 106 119
6 13 187 170 250 255
3 13 171 173 176 196
4 13 171 174 113 126
2 13 171 175 229 230
4 13 171 175 127 132
2 13 171 176 231 251
1 13 171 178 195 212
1 13 171 179 213 216
5 13 171 179 120 122
5 13 171 180 123 138
5 13 171 181 139 139
3 13 172 174 197 216
3 13 172 175 217 218
4 13 172 175 133 145
4 13 172 176 146 152
2 13 172 177 252 255
1 13 172 179 217 231
1 13 172 180 232 237
5 13 172 181 140 155
5 13 172 182 156 159
9 13 172 186 0 8
9 13 172 187 9 11
3 13 173 175 219 237
3 13 173 176 238 239
4 13 173 176 153 164
4 13 173 177 165 172
1 13 173 180 238 250
1 13 173 181 251 255
5 13 173 182 160 172
5 13 173 183 173 180
9 13 173 187 12 21
9 13 173 188 22 28
3 13 174 176 240 255
4 13 174 177 173 182
4 13 174 178 183 192
5 13 174 183 181 188
5 13 174 184 189 200
9 13 174 188 29 34
9 13 174 189 35 44
4 13 175 178 193 201
4 13 175 179 202 212
5 13 175 184 201 205
5 13 175 185 206 220
9 13 175 189 45 46
9 13 175 190 47 59
9 13 175 191 60 61
4 13 176 179 213 219
4 13 176 180 220 232
5 13 176 185 221 222
5 13 176 186 223 238
5 13 176 187 239 240
9 13 176 191 62 72
9 13 176 192 73 78
4 13 177 180 233 238
4 13 177 181 239 252
5 13 177 187 241 255
9 13 177 192 79 85
9 13 177 193 86 95
4 13 178 181 253 255
9 13 178 193 96 97
9 13 178 194 98 110
9 13 178 195 111 111
10 13 187 179 0 1
10 13 188 179 2 10
9 13 179 195 112 123
9 13 179 196 124 128
10 13 188 180 11 13
10 13 189 180 14 25
9 13 180 196 129 135
9 13 180 197 136 145
10 13 190 181 26 38
10 13 191 181 39 39
9 13 181 197 146 148
9 13 181 198 149 161
9 13 181 199 162 162
10 13 191 182 40 50
10 13 192 182 51 54
9 13 182 199 163 174
9 13 182 200 175 179
10 13 192 183 55 62
10 13 193 183 63 68
9 13 183 200 180 186
9 13 183 201 187 195
10 13 193 184 69 75
10 13 194 184 76 83
9 13 184 201 196 199
9 13 184 202 200 212
10 13 194 185 84 87
10 13 195 185 88 97
9 13 185 203 213 225
9 13 185 204 226 229
10 13 195 186 98 100
10 13 196 186 101 112
9 13 186 204 230 237
9 13 186 205 238 246
10 13 197 187 113 124
10 13 198 187 125 126
9 13 187 205 247 250
9 13 187 206 251 255
10 13 198 188 127 137
10 13 199 188 138 141
10 13 199 189 142 149
10 13 200 189 150 155
10 13 200 190 156 161
10 13 201 190 162 170
10 13 201 191 171 174
10 13 202 191 175 184
10 13 202 192 185 186
10 13 203 192 187 199
10 13 204 193 200 211
10 13 205 193 212 213
10 13 205 194 214 223
10 13 206 194 224 228
10 13 206 195 229 236
10 13 207 195 237 242
10 13 207 196 243 248
10 13 208 196 249 255
